# 200 nos mesh — posicoes lista (seed=401)

ns3::ListPositionAllocator
      0.0      0.0
    418.1    362.1
    679.1    655.8
    655.1    333.9
    783.0    169.8
    653.0    555.4
    170.0    774.9
    560.5     79.1
    623.4    561.7
    441.4     29.4
    547.3    796.3
    752.4    257.8
    553.3    146.2
    438.6    204.6
    439.7    152.3
    393.8    330.9
    233.6    720.8
    763.9    496.1
    651.9    514.7
    625.1    218.0
    237.7    267.3
    425.8    432.8
    750.7    665.6
    288.7    319.4
    581.6    610.6
     61.4    358.9
     26.1    574.2
    479.0    772.2
    267.0     59.9
    486.1    497.0
    546.7    718.8
    324.7    512.2
     64.8    485.5
    150.6    674.5
    729.7    541.1
    549.9    562.6
     25.3     39.8
     72.2    588.7
    715.5    248.8
    181.9    411.3
     36.6    126.0
    105.7    798.6
    813.5     61.1
    670.7    809.2
    788.8    218.7
    752.3    166.1
     21.0     78.6
     55.1    786.7
    401.0    619.9
    288.0    471.1
    671.5    229.0
    792.3     21.5
    665.0    117.3
    484.6    244.8
    668.5    165.4
    325.7    594.7
    524.6    284.2
    172.4    727.1
    552.7     32.0
    291.7    289.4
    790.0     96.0
    314.8    175.4
    742.6    762.3
    336.9    232.1
    368.0    766.9
    105.0    180.0
    146.4    423.6
    684.5    762.1
    356.3    815.9
    797.8    785.9
    252.1    173.8
    597.4    311.9
    792.0    286.3
    643.9    605.5
    754.4    724.5
    561.9    452.3
    608.1    409.5
    572.7    759.6
    335.4    708.9
    354.3    464.5
    413.5    797.9
    778.8    414.2
    450.9    675.2
    319.1    330.9
    789.0    256.2
    755.1    435.6
    380.8     97.8
     24.6    294.5
    408.8    592.0
    167.0    617.2
    197.1    140.9
    281.6    383.2
    534.5    588.7
    506.5    613.7
    145.0    320.0
    793.8    576.8
    239.1    226.2
    130.2    464.9
    156.5    643.4
    387.3    390.8
    136.0    153.8
    786.9    741.6
    621.2    817.0
     36.2    258.8
    716.2    339.0
    328.2    800.3
    481.8    462.6
    121.3    625.6
    289.8    762.6
    375.0    253.7
    651.1     80.4
    591.4    464.6
    693.1    693.6
    431.8    557.5
    329.4    379.9
    634.7    302.5
    724.3     22.6
    439.5    639.2
    584.3    539.1
    588.0    148.3
    110.3    735.6
     53.4    211.0
    357.2    410.1
    470.8    370.4
    487.8    109.5
    158.1    126.4
    180.0    592.2
    613.9    163.9
    204.1    242.2
    764.6    350.9
    267.1    494.4
    790.9    478.1
    359.3    660.9
    265.7    731.7
    703.1    464.4
    250.4    578.5
    708.5    277.1
    119.3    545.0
    400.2    184.8
    160.8     47.7
    312.9    250.2
    629.8    638.6
    460.1    727.1
    172.9    497.8
    493.2    435.7
    270.2    635.6
    536.6    534.8
    340.4     90.8
    451.5    281.6
    265.8    262.6
    562.9    651.5
    422.2    714.4
    444.5    478.3
    685.0    332.9
    377.8    510.1
    273.3     21.7
    458.6    618.6
    699.7    595.0
    509.4    366.9
    532.9    762.5
    374.1    570.2
    213.8     32.4
    205.6     74.0
     42.3    754.4
    559.0    280.4
    555.3    686.4
    516.9    191.5
    407.2    139.6
    721.4    411.2
    637.4    668.4
    725.9    195.0
    141.7    819.1
    748.8     60.1
    355.7    122.5
     24.7    498.2
    226.4    510.0
    174.3    563.1
    227.0    324.5
    236.6     96.2
    209.3    106.5
    222.7    453.6
    129.1    196.7
    758.1    101.2
    786.8    669.2
    208.7    605.8
    587.5    579.0
    772.4    524.6
    585.4    246.4
    386.7    474.6
     60.6    286.3
    329.0    627.7
    447.6    394.7
     28.4    642.0
     43.6    682.8
    298.6    414.6
    642.9     47.6
    679.2    448.2
    159.0    247.6
    400.2    215.6
    805.8    538.0

# vim:ft=conf
