# 75 nos mesh — posicoes lista (seed=210)

ns3::ListPositionAllocator
      0.0      0.0
    202.3    342.6
    364.6    212.1
     99.7     29.5
    157.5     39.0
     84.3    276.0
    249.5    422.2
     78.9     56.0
     81.8    215.4
     85.9    387.6
    296.2    493.4
    153.9    473.1
    177.0    389.8
    418.8    159.6
    325.9    259.1
    323.9     25.9
     29.2    370.2
    339.8    102.1
    398.7    387.5
    447.3    391.1
    413.1    352.9
    280.7    187.2
    172.3    355.3
    416.0     89.0
     64.1    305.0
    289.9     76.2
    488.4    358.5
    492.8    307.2
     28.1    225.0
    323.5    433.3
    274.3    157.5
    382.4     91.2
     32.5    411.6
     95.3     95.5
    124.1    328.0
    225.0    313.1
    418.3     28.6
    366.6    459.9
    431.9    471.9
    296.8    394.5
     86.2    431.8
     78.7    478.7
    237.3     68.4
    238.3    216.1
    470.5    191.6
    295.5    216.5
     54.5     30.4
    215.7    126.0
    465.7     45.0
    322.0    141.1
    384.3    232.3
    483.5    267.1
    169.6    223.6
    135.9    451.2
    335.2    322.1
    272.2    454.9
     82.2    128.0
    258.0    261.8
    365.5    148.0
     50.8    193.9
    117.7    128.6
    195.1     43.8
    356.6    416.7
    484.6    396.0
    226.5    263.0
     46.0    252.7
    416.9    249.8
     66.5    169.3
    248.6     96.1
    174.3    317.1
     30.4     51.4
    447.5    164.9
    318.6     65.6
    387.1    491.5
    229.4    159.2

# vim:ft=conf
