# 50 nos mesh — posicoes lista (seed=201)

ns3::ListPositionAllocator
      0.0      0.0
     45.5    143.7
     21.4    127.5
    306.0    283.7
    198.6    306.4
    191.4    348.6
    251.8     73.1
    235.4    201.2
    223.6    101.7
    284.2     91.8
    133.8    111.1
     31.6    238.7
     49.7    264.5
    174.8    224.7
    309.4    315.9
    279.5    131.5
    223.1    359.4
    355.0     91.3
    179.1    387.1
     25.1    177.2
    340.3    380.4
    244.8    141.1
     92.9    243.3
    313.1    206.2
    245.3    236.8
    219.2     22.3
    161.6    351.9
    382.8     34.2
    207.5    195.3
    350.8    155.0
    319.3    176.3
    378.4    391.3
     81.5    330.7
    356.5    184.8
     27.8     21.8
    395.1    346.4
    386.3    149.4
    136.0    280.6
     78.4     90.9
    307.5    110.4
    395.8    274.3
    110.9    384.0
     35.2    364.9
    226.7    167.5
     83.2    153.7
     31.3     55.3
    341.8    223.2
     70.7    221.1
    228.8    289.0
    288.6    163.1

# vim:ft=conf
