# 50 STAs: uma por no mesh (deslocada 5m X, 10m Y)

ns3::ListPositionAllocator
      5.0     10.0
     50.5    153.7
     26.4    137.5
    311.0    293.7
    203.6    316.4
    196.4    358.6
    256.8     83.1
    240.4    211.2
    228.6    111.7
    289.2    101.8
    138.8    121.1
     36.6    248.7
     54.7    274.5
    179.8    234.7
    314.4    325.9
    284.5    141.5
    228.1    369.4
    360.0    101.3
    184.1    397.1
     30.1    187.2
    345.3    390.4
    249.8    151.1
     97.9    253.3
    318.1    216.2
    250.3    246.8
    224.2     32.3
    166.6    361.9
    387.8     44.2
    212.5    205.3
    355.8    165.0
    324.3    186.3
    383.4    401.3
     86.5    340.7
    361.5    194.8
     32.8     31.8
    400.1    356.4
    391.3    159.4
    141.0    290.6
     83.4    100.9
    312.5    120.4
    400.8    284.3
    115.9    394.0
     40.2    374.9
    231.7    177.5
     88.2    163.7
     36.3     65.3
    346.8    233.2
     75.7    231.1
    233.8    299.0
    293.6    173.1

# vim:ft=conf
