# 2000 nos mesh — posicoes lista (seed=700)

ns3::ListPositionAllocator
      0.0      0.0
    455.5    522.6
   1853.6   2206.6
   1630.4    868.4
     34.1   2224.6
    251.6    434.6
    651.9    896.6
   2192.6    775.5
   1648.7   1626.7
    870.6    888.0
   1060.2    254.3
   1398.7    179.0
   1467.7   2210.5
   2329.1   1504.5
   1150.6   1252.9
   1589.9   2179.9
    456.3   2306.3
   2313.7   1014.3
   1798.5   1123.5
    837.9    943.4
   1520.5   1675.2
   1735.0   1308.5
    449.5   1567.2
   1722.6    496.7
    413.0   2545.9
   2180.8   1199.0
     25.3    169.0
   2156.8   2368.0
    719.7   1847.5
   1563.5   1422.0
   2571.9   1751.3
   1730.9   1938.5
   2009.6    616.4
   1013.1    543.0
   2466.4   2072.1
   1695.3    113.5
   2151.4   1117.8
   1680.9   1723.9
    201.7   2497.9
   1005.3    456.6
    960.9   1088.5
    473.5     65.2
   1082.3   1800.4
   2307.2     89.1
   2226.0    927.4
   1779.0    375.1
    740.3   1093.9
   1893.5   2376.6
    963.9   2307.0
   1465.1   1601.5
   1311.8   2207.8
   2634.1    641.7
   2006.0   2292.7
   2275.6    678.3
   1430.6    702.9
    540.4    269.0
   1346.3    194.9
   1231.0    637.4
   1040.7    427.0
   1227.8   2244.9
   1552.7   1944.2
   2106.0   1843.7
    104.7   1483.6
   1662.7   2023.5
    217.0   2002.5
   1340.1   1837.7
   1262.6   2530.7
   1705.1   1114.1
    239.3   2370.2
   1129.3   1320.8
   2325.2   2397.2
   1629.5    104.1
   1745.7   1687.8
    130.5   1930.9
   1042.8   2567.0
   1304.6     20.0
   2586.4   1040.3
    889.2   2145.2
    606.6    367.8
   2306.3   1642.6
   1783.5   1210.8
    492.8   2369.0
    283.8    852.1
    500.0   1214.9
   2330.4   1751.4
   1307.3   2600.4
    324.4   2087.0
    337.6   1082.1
    576.1    357.5
   1249.9   1644.2
   2452.6    525.2
    838.6   2244.5
   1833.6   1815.1
   2584.2   2231.7
   2557.9   2311.7
    885.8    210.6
   1021.5   2259.6
   1138.9    531.5
    165.2   1585.5
   1798.6    468.4
   1564.0   2464.5
   1328.3    622.0
   1795.7   1891.9
     38.1   1626.5
    892.3   1568.3
   1950.2    109.3
   1759.9   1282.2
    738.8   1622.7
   1269.1    460.6
    134.7    374.7
   1824.4    148.3
    282.3    214.2
    494.6   1101.4
    965.3   1506.6
   1203.8   2213.2
     58.2    394.8
    847.3    248.1
   1105.1   1116.8
   1268.8   1700.1
   1177.3   1356.1
    445.7    926.8
   1789.9   1010.4
   1426.8    319.2
    300.3   2599.3
     96.5   2281.1
   1599.0   1344.9
    452.6    783.2
   1642.6    972.8
    329.1    897.7
   2630.7   1712.8
   2341.1   1936.9
    708.9   1099.3
   1415.6    243.4
   1919.0    194.4
   2361.6   1547.1
    579.6   2111.5
   2093.6   2126.1
    165.4    806.8
    537.5   2331.7
   1496.1   1868.3
    609.4    783.6
   1938.8   1662.9
   1094.6    993.5
   2230.5    805.3
   2374.9    282.1
     40.8    598.0
   2501.1    985.7
   2169.8    597.4
    560.1   2524.7
   1886.8   2463.6
   2099.2   1407.9
   1114.2   1762.7
   2085.6   2181.9
    123.8   1837.9
   1477.9   1053.3
   2096.6   1321.2
    722.7   2457.8
    198.0    393.3
     30.1    393.6
    549.8    185.7
   2331.4   1418.9
    621.6   1667.1
   1662.1   1271.7
    878.9   1230.9
   2518.0   1805.3
   2405.4    700.8
    370.0   2165.7
   2331.2   2280.1
   1274.6   1471.3
    310.7   1684.1
    718.3    739.4
   2292.9    711.1
   2129.8    397.1
   1642.1    920.0
   1615.0     38.2
   1971.6    446.8
   2038.5   1906.5
    261.0   1376.9
     29.4   1963.9
   1111.5    130.6
   1590.9    949.7
    275.4   2475.7
   1808.8    217.4
    156.1   2398.7
   1632.9   1246.7
   1453.6   2415.9
   1776.2   1727.2
    902.1    471.4
   2530.4   2355.2
    521.7    819.7
   1176.5   1109.6
    886.2     72.0
   1763.4    737.5
   2043.0    162.7
   1690.7   1756.3
   1679.0    587.4
    856.5   2079.9
    473.6   1931.3
   1164.8   2206.6
   2339.6    821.3
   1598.9    763.9
   2329.0     30.7
   1203.7   2357.4
   1557.6    880.1
    631.1    859.7
    762.5   1290.3
   1419.5   1387.0
    787.6   1483.5
   1746.7    454.0
    262.8   1598.3
    710.9    857.6
   1829.3    526.2
   1088.6    920.4
   2014.2   2433.8
    830.9   1100.9
    164.2    595.6
    808.2    740.4
    762.0    105.5
   1210.1   1718.0
    479.9   1727.6
   2373.3   1420.7
    518.8    495.8
    519.9   2609.3
   1811.9   2207.0
   1965.0    380.1
   2121.3    481.9
   2638.8   2291.9
   1460.2    376.3
   2106.0    543.5
   2254.0   2509.0
   1218.0    830.1
   2354.0   1286.7
   1391.8   1095.0
    461.6    323.6
   1065.9    301.5
    806.6   1946.6
   2110.8   2316.5
   1904.5   1372.8
   2395.6   2200.5
   1340.0    414.2
    217.4   2563.0
   1911.4   2204.5
   1575.4   1636.1
   1459.7    452.4
   2406.4   2063.7
   1155.1   1987.9
   1984.3   2079.1
   1354.6    481.7
    993.6    218.8
   1119.5    189.9
   1071.3   1545.5
   1122.4   1934.2
    543.8   1690.7
   1022.9   2035.5
   1809.2    564.7
   1834.6   2170.3
    950.2   1445.4
    557.3   1793.4
   2372.7   2462.2
    794.5   2077.4
   2196.7   2571.8
    336.3   2360.7
    756.5   2248.3
   1843.8   1263.4
    372.1   1701.6
    922.3    988.7
   2097.5    744.3
    804.0    114.2
   1804.1    179.6
   2579.8   1073.2
   2351.8   1798.1
   1687.0   1930.6
   2572.7    700.9
    818.6   1658.9
   2077.5   1812.7
   1781.4   1442.3
   2281.7   1446.6
   2351.7    548.1
     92.1    664.9
    732.2   1988.9
    544.7   1467.8
   1593.5   2590.5
   1686.3   1558.2
    769.2    557.9
   2421.8    615.1
    327.4   2588.6
   2158.9   1413.5
   2180.2    818.0
    554.5    108.2
    676.1   2397.7
   1033.5   1371.6
   2538.8   1172.1
   2507.1   2455.7
   1005.2   2351.9
   2466.6   1009.2
   1318.4    250.2
   1234.1   2386.5
   1760.8    915.6
    381.5   2351.8
    397.9   1859.9
    488.0   1257.6
    982.6    625.6
   1871.8   1371.2
   1426.7   1761.6
    713.4   2247.2
   1062.4   2359.2
    387.3   1616.7
   2169.5   2178.0
   1433.1    653.2
   1493.7   2381.1
   1003.9   1880.0
   1514.8   1817.8
    937.4   2199.3
    800.8   1243.9
    149.0    770.1
    233.4   2416.2
   2191.8   1810.1
    113.9   1755.2
   1016.6    987.6
     39.3    335.4
   1338.5    745.9
   1111.3   2148.8
    772.3   2575.1
    318.7   1417.3
   1118.7   2046.0
   2622.4    607.1
    719.3   2491.8
   2221.0   1389.5
    811.4   1145.6
   2283.2   1266.0
    576.7   2006.6
   1254.1   1250.9
   2021.4   2470.3
   1221.2    713.8
    870.1    621.3
    961.6   1323.4
   1746.9   1867.3
     79.9   2397.3
   2440.6    563.5
    735.9   2205.9
    159.3    496.4
   2031.1    202.8
   1800.4     70.8
   1338.3   2412.7
   2051.0   2064.2
   1927.4   2356.6
   1477.0   1190.2
   1988.1   1513.7
   2549.9   1530.1
   1855.4   1979.0
   2376.1   2622.7
   1300.7   1105.9
    496.3    334.0
    218.2   1647.7
   2445.2   1508.2
   1793.9     29.5
    172.7    143.2
   2013.4   1629.6
   2152.9   1321.6
   1970.5   1741.3
   1398.9   1958.6
   2032.2   1026.2
   1324.6   2166.7
   1203.9    936.0
    190.0    651.1
   1284.4    269.5
    585.4   2494.6
    628.8   1587.6
   1503.8    656.4
    591.5   2586.5
   1849.6   2341.8
   2128.9   2151.5
    371.7    824.5
   1168.8   2284.6
   2524.7    650.6
   1141.1   2129.2
   2226.4   1839.0
   2227.8   1277.2
   1377.6   2170.7
   1909.6    838.6
    446.5    361.1
   2287.6   1824.3
   1054.1    362.5
    462.2    689.3
   2614.1    537.8
   2155.7    114.2
   1517.3   2578.5
    650.0   1176.6
    412.2   1233.8
   2598.7     20.2
   1648.8    293.3
    400.9    734.9
    256.8    331.4
   1402.1   2387.1
   1633.6   2506.6
   1824.0   2056.0
   1044.4   1951.6
   2203.1   1629.9
    914.9   1758.0
    292.9     49.8
   2283.2    125.8
    945.4   1214.8
   1817.5   1552.9
   1275.2     44.0
   1158.1    863.5
    777.7   1844.5
   1266.2   2247.3
    941.0   1586.1
   2355.5   1077.0
    149.3   1057.9
    433.0   1889.3
    928.0    430.9
    296.1   2543.8
   2117.1   2562.3
     82.9   1211.4
   1808.0   1851.2
   2158.0    979.8
     46.7   2120.7
    598.4   1169.4
   2009.5     58.5
   1482.1   1676.7
    110.6    956.2
   1651.4   2341.4
   1024.9    849.0
   2513.6   2229.6
    710.4   1558.8
   2008.0   1867.0
    427.3   2270.2
   1985.0   2481.6
   2012.3    276.1
   2561.7   2121.1
    202.9    145.1
   1409.5   1467.4
   1845.5   1343.6
   1197.0     90.1
   2211.8   1972.4
   2264.7    587.5
   2139.8   2436.7
   1481.2   2569.7
     29.8   1468.6
   2469.7    955.3
    655.5   1275.8
    957.3    123.1
    160.6   1513.9
   2322.4    113.7
   1874.9   1801.6
    780.7   1964.9
   2028.0    758.6
    590.4   1119.1
   2124.6   1896.4
   2308.0   1083.8
   2567.1   1122.3
   1226.0   1497.3
    887.3   1415.7
    414.1   1814.5
   1280.3   1342.5
    174.1   1834.1
   1678.8   1530.3
    385.1   1761.8
   2046.1    106.9
     77.6     57.3
   2182.0   1601.5
   1383.8   1869.2
   1524.0   1248.6
   1949.6   1828.1
   1041.0    473.5
   2159.9   1761.7
    325.9   1382.6
   1940.2   1769.7
    280.0   2234.2
     93.5   1511.6
   1212.4    366.5
    473.5   2605.3
   1004.2   1414.5
   2359.9    718.1
    481.8   1026.9
    905.1   2170.3
   1567.5   2105.7
   2180.7   1229.7
   1614.5   1639.5
    906.1   1190.6
   1300.9   1322.0
   2454.1    184.4
    391.4   2623.4
   2160.5   1509.0
    411.4   1656.4
   2085.7   2244.5
   1405.6   1805.8
    191.6    355.9
   1216.1    400.1
   1123.9   1205.2
    562.5   1519.6
   1320.4    840.3
   2567.3   1708.2
   1373.7     74.3
   1384.3   1533.7
    944.6     32.7
    756.2   1922.3
   1721.8    409.7
   1895.4   1066.3
   2335.1    976.9
    226.5   1399.4
   1507.5   1395.0
    752.9    449.8
   2507.4    405.5
   1504.6    816.6
   1555.9   1590.8
   2182.0     84.2
   2196.5    733.9
   2169.9    674.6
    456.2   1141.4
    928.6    649.6
   1535.6    110.8
   1937.8    466.1
   1069.5   2430.8
    594.9   1221.5
   2296.8   1589.3
    151.0     73.6
    857.6    526.5
   2280.9   2268.7
   2022.2   1975.7
    776.3   1995.1
    372.9     26.7
   1468.8   2274.2
   2314.5   1855.0
    289.6   1864.6
   1494.0    297.4
    905.8   1616.3
    833.1    333.8
    266.0   2067.5
    493.0   1679.2
   2594.9   2285.3
   2494.9    375.1
    659.7   2551.5
    941.7   1068.0
   1740.8   2585.0
   1942.4   2220.3
    985.9   1065.8
   1036.5   1173.8
    627.1    174.8
    130.2    140.7
   1290.6   1580.5
     51.4    490.0
    832.4    808.0
   1170.7    342.4
    406.5    315.7
    209.2   1074.1
    259.0   1058.9
   1823.4    415.1
    928.3    253.9
   2070.1     41.2
    817.1   2024.1
    179.6   1755.6
    525.4   1593.0
   1346.8   1983.8
    342.7    579.0
   1282.2    729.9
   1996.8   2167.1
   1668.7   2067.6
    652.5   2359.0
     34.6   2487.8
    924.2   2498.1
    686.6    331.2
   2023.7    697.0
    654.9   1840.5
   1138.4    807.3
   1605.8   2236.0
   1407.1    817.3
   1089.1   2259.1
   2048.3    337.3
     51.6   1802.5
   2065.1    237.5
   1941.9   1358.6
   2490.5   2418.3
    305.1    640.3
   2066.0    134.1
    111.9    747.0
    737.1   1045.0
    907.8   2208.6
   2623.2   1783.3
   1504.4     99.9
    749.7   1551.0
   2507.5   1594.8
   2441.5   1677.6
    175.3   1304.5
   1016.2    617.5
   1789.1   1069.9
   1957.4   1490.9
   1245.0   1421.3
   2551.0   2628.9
   1801.2   1040.5
    748.7   2122.0
    424.1   2008.8
   1120.1    979.4
    507.4   2468.1
   1486.2    121.7
    393.4   1933.7
    439.6   2472.5
   1346.8   1668.9
   2119.7    580.5
    800.1   1795.1
   2532.3   2172.9
    757.0    914.8
    911.3    783.8
    563.2    985.4
   1312.9    204.8
   2062.7    808.1
     21.9   1928.2
    677.8   1413.8
   2451.9   1439.9
   1491.7    356.9
   1851.2   1414.6
   1447.8    559.6
   1336.9   1594.1
    171.4   1964.4
    994.4   1273.9
   1030.1   1567.0
   2501.8   2019.9
   1762.0    149.0
   1663.7   1980.7
   2594.2    102.2
   1169.6     45.8
   1368.4    978.1
   1109.5    665.4
    862.2   1931.6
   2159.5   1853.1
    895.3    107.8
   2286.4   2445.6
    278.8   1321.9
    668.7    104.8
   2028.5    868.3
    669.3   1551.2
   2406.7    344.1
    156.1    688.9
     48.8   1754.0
   1087.8   2217.8
   1643.7   2554.8
   1122.0   1382.9
   1612.6    709.0
   2253.0    849.1
    578.4   2276.7
   2087.5   2522.3
    563.9   1419.5
    767.4   2177.3
   2482.1   1714.7
   2054.9    481.2
    528.1   2402.9
    949.2    837.2
   1697.2   2617.6
    557.8    635.1
   2513.8   1354.1
   1028.7   2593.0
   1575.2    669.7
   1969.6    707.8
    795.3   1053.5
    354.5   1283.3
    620.0   1724.4
   2344.5    682.5
   1951.6     72.8
   1829.5   2310.7
    253.7   1198.6
   1416.4   2634.2
    135.3   1166.6
   1787.1    950.1
   1658.2   2211.9
    490.3    709.8
   2560.0    397.4
   1367.0   1203.5
    467.3   1218.9
   1111.3   1477.4
   1702.6   1823.8
   1294.8    392.1
   1177.9    451.5
   2075.0    317.4
    595.5   2372.4
   1632.4   1771.3
    329.5     92.2
   2487.8   1326.3
   1885.5   2302.7
   2574.9   1652.8
   2099.6   1547.2
   1267.6   2391.9
    854.0   2588.3
   2489.0   2376.9
   2259.5   2079.7
   1640.7   2130.6
   1323.7   2026.8
   2333.6   2204.3
   1951.3   2620.9
   1292.4    113.8
    532.1    450.8
    437.8   1045.9
   1205.2   2139.9
   1751.2    414.7
   1498.9   2532.2
    112.3   2518.0
   1958.5   1195.7
   1605.9   2332.9
    605.0    535.8
   1231.5   1866.2
   2315.9   1338.4
   1056.7    605.6
   1435.9   2304.6
   1882.7   1471.7
   2618.9   1154.4
     98.4   2438.0
   2629.9   1056.0
   1704.5   2021.8
    396.3   2403.7
   1836.4   1662.0
   1758.0    848.7
   1065.5    160.5
   1035.5   1728.4
   1342.8   2520.8
    192.6    606.0
   2030.1    248.4
   1897.7    584.0
   1697.0   1022.0
   2495.8   2280.5
   2425.5   1156.0
    327.2    316.4
    847.7   1794.6
   1656.2   1906.3
     69.8   1677.4
   2361.6    424.1
    789.2    313.7
   2259.0   1513.1
    723.4   1145.6
   1026.1   1330.8
    463.6   1499.1
   1138.0    913.2
   1939.7    789.9
    511.5    861.2
    356.4   1993.8
    862.3   1885.2
   1604.1   1885.2
   1425.8   1682.8
    714.6   2570.8
   1506.5   1940.6
    420.0   1441.7
   1734.0    646.0
    396.7    251.5
    133.6   1308.7
   2319.5    925.0
    410.9   1170.6
   1430.2    390.7
    394.4    764.6
   2213.5   1241.5
   1348.4   1546.8
   1525.7    923.9
   2050.7    530.1
   1623.5    448.9
   2271.9     28.3
    869.9   1838.1
    105.4   1346.6
    824.1    677.6
   2029.0   2336.7
   1227.3   1794.2
   1391.2     31.4
   1222.5    200.5
   2356.1   1253.0
   1648.0   1447.6
   2242.4   2150.3
   2044.9    368.4
   1131.0   2314.6
   1312.4   2632.9
   1676.7   2451.2
    214.0    481.1
   2499.2    684.0
   1836.4   1721.6
   1409.5   2290.7
   2337.3    593.7
   1781.0    548.8
   1742.0   2276.5
   2597.4   2115.8
   2215.7    579.8
    191.9   1451.2
   2304.5    843.1
   1212.2   1327.6
   1363.9    154.8
    672.3    600.1
   1592.7    830.7
   1847.3    801.9
   2187.7   1470.1
   1610.2   1100.9
    256.7   1705.3
   1006.8   1923.5
   1311.3   1858.8
    306.1    789.7
   1084.3   1736.2
   2074.5   1699.2
    143.0    559.5
   2375.2   2337.8
     22.8   2196.1
   1881.9   1026.1
   1500.7   1345.9
   2140.2   1824.6
   1463.6     84.4
    831.8   1549.7
    130.3    699.8
   1029.2    814.2
    215.6   2072.3
    675.1   2247.8
   2044.4   2208.3
   1463.5   1904.0
   2177.2   1551.0
   1155.5    732.6
    319.5   1635.7
   1031.0   1688.9
   1568.8   1701.3
   1200.4    279.6
    334.8   1475.8
   1181.0    962.8
    603.1   1276.2
   1089.4    812.1
   1272.1    369.1
   2294.3   1904.1
   1418.7   1729.4
   1734.9   1447.3
     60.8   1096.1
    599.3   2143.2
   1886.5    275.1
    957.8   2001.8
    898.7   1312.1
    273.4   2618.0
   1479.9   1824.3
   1034.2    582.2
    354.0   2257.1
    766.4   2367.1
    536.2    379.5
   1775.7   2274.6
    782.3   2213.4
    674.5   2518.8
    934.1   1536.9
    726.1    394.0
   2450.5    252.8
   1342.0   2302.7
    723.0   1699.4
    288.1   1143.7
   2556.1    580.9
    783.1   2317.4
   1156.0   1026.9
   2512.8   1481.1
    764.9    625.5
    177.5    995.9
    891.3    340.9
    899.0   1799.1
   1098.7    255.3
   1694.5   1633.9
   2516.0   2384.8
     66.9    309.4
   2147.7   1681.4
   2106.2    510.3
    266.7    644.9
   1808.1   1991.9
   1662.3   1491.9
   1243.1   1104.7
   2633.3     24.6
   1437.2   2381.6
   2393.0   1391.6
   1198.0   1796.6
   1507.7   1158.3
    251.6    213.4
    825.8   1430.8
   2037.8   1604.5
    603.6   1874.0
   2422.6   2191.3
    505.5    775.3
   2444.4   1778.8
   1029.2    175.8
   1123.3   2595.3
   2527.8   1067.3
    291.7   1659.0
    599.7   1840.8
   1576.0   1127.4
   2532.8   2424.7
   1664.6     41.4
    381.0   1445.4
   2230.2   1902.1
   1542.0   1764.5
    943.1    545.8
   2258.4   1567.6
   1824.2   2272.2
    556.0   1102.6
   1745.0   2061.1
   1582.4    433.4
   1706.3    989.4
   1144.8   2527.3
   2489.3   1249.5
   1510.0   1278.6
   2062.9   1096.8
   2477.4   1195.5
   1466.3    897.0
   2332.1    765.9
   2325.3     60.2
   1088.7    354.3
    483.9     92.4
   2498.9   1755.5
   2428.7   2043.8
   1749.3   2471.6
   2318.7   1677.6
   1937.5   2145.3
    585.0    625.8
    958.9   1972.9
   2638.6   2577.0
    693.0   2366.4
   2626.5   1379.7
   1165.6   1651.5
    438.0    264.9
    243.0   1129.1
    987.4   1117.0
    456.7    852.0
   1848.8    982.5
   1330.8   1885.7
   2271.2    526.3
    472.7   2237.2
   2459.0   1811.6
   1452.6   2452.8
   2273.3   1052.3
    299.1    989.3
   2565.2   2580.0
   2258.6    441.4
    807.5    436.1
   1726.9    596.4
     44.0    913.9
     65.6    711.6
   1988.4   1459.5
   2580.7   2087.3
   1536.4   1512.1
    694.6   1236.3
   1086.1   2071.5
   2629.5    813.9
     34.1   1725.6
   1199.3    530.1
   1659.7    856.8
    523.1   1792.1
    232.3   1896.6
    786.5    674.8
    561.7     24.0
   1174.5    415.4
   1308.7   1457.2
   1586.7   1306.3
    971.9    334.1
    466.8   2516.0
   2421.7   2157.1
   1246.8    828.2
    767.1   2050.1
    979.7   1847.5
   1089.1   2481.3
   2435.6   1000.4
    259.4    753.9
   2315.8    422.2
    429.8   1366.5
    111.3     44.6
   1739.1   2354.2
   1595.0    982.8
    958.5   2393.6
   2576.4    331.6
   2027.5   2025.8
    320.7   1328.8
   2346.5   2500.1
   2363.9   2132.7
   2167.1     60.2
   1517.7   2460.0
   2285.2   2228.0
   1116.1   1254.7
    884.2   1284.3
     29.3   1518.3
    291.9   1832.0
    552.5   1952.2
   1792.0   1520.8
   1597.8   1857.5
   1967.0   2142.6
   1861.8   1890.2
   2227.2     40.5
    929.4   2149.1
   1307.3   1229.7
   1765.0    687.4
   2148.5   1983.9
    620.7    723.7
   1699.6   1197.0
   1230.4   1187.4
   2201.6   2425.1
     22.8   1862.5
   1859.9   2393.7
   1192.7   2630.9
   1671.2    954.9
    202.5   2139.4
   1389.7    508.0
   1707.3   1254.8
     25.9   2458.8
   1376.1   1279.1
   1647.1    366.3
   2082.6    206.0
   1655.0   1737.6
   1399.8   1899.7
   1509.2    532.0
   2096.4    620.7
   2098.8    784.3
   1558.3    582.1
   2579.8    598.0
   1304.7   2283.2
    272.7   2200.4
   2001.6    242.0
   1892.0     72.1
   1740.5    212.9
   1618.1    338.1
   2585.3    634.2
   2595.6   2525.6
   1703.0   1875.6
   1513.5   2185.5
   1669.4   2591.1
   2380.1   1823.6
   2055.4    579.8
   1209.1   1365.3
    257.4   2019.8
    371.5    949.1
   1435.2   1954.2
    261.4   1905.8
   1049.8   1016.3
   1851.6   2583.6
   1576.7   2519.6
   1433.0    941.5
   1211.8   2405.2
   2123.8   1013.9
   1894.2   1591.5
   1013.3   1599.1
    185.2   1629.0
   1128.9   1412.8
   1993.7   1010.7
   2580.2   1235.2
   2586.5    906.4
   2427.6   1365.7
     24.2    272.9
   2245.3   1206.5
   1941.5   1924.3
    955.7   1655.2
    316.4   1786.6
   1250.3   2455.9
     73.4   2142.0
    953.5    504.6
   2059.1   1863.4
   2285.4    738.4
   1481.9    496.2
   2072.5   2008.3
    885.2    239.3
   1526.9    746.8
    904.0    584.0
    190.0   1203.6
   1297.5   2233.3
    386.8   1582.0
    428.7     74.1
    127.2    402.5
    970.9   2056.1
    644.7   1137.3
     33.2    765.0
   2544.3   1265.1
    663.7     72.2
   1641.3   1384.1
    563.4   1320.2
   1632.2   1979.3
    153.6   2617.8
   1391.1    896.4
   1687.9   1666.1
   1702.5   2124.3
    982.8   2621.3
   1273.2   2181.9
   2416.5   1274.8
    942.7   1359.5
    912.1    748.3
   1359.5   2612.3
   2100.6    987.1
   2221.8   1608.6
   2540.8   1729.4
    455.8   2387.7
   1867.2   1543.2
   1858.0   2515.7
   2171.6   2252.5
   1653.5    128.3
   1895.8    769.1
   2332.2    855.1
   1166.5    480.4
   1500.8   1977.8
    924.0    165.4
   1013.3   1203.7
   1888.5   1127.2
   1735.5   1075.7
   2540.3    422.0
   2490.9   1458.2
    490.2   2121.0
   1952.1   1049.9
    272.2   1548.7
    285.5   1395.0
   1339.5   1279.4
   1980.3    930.4
   2411.9    512.9
   2272.3   2405.3
   2033.2   1451.3
    691.0   2119.8
    263.0   1020.7
    851.9    368.4
    414.5   1703.8
   1690.6    863.7
   1353.8    117.4
   2467.3    778.0
   1546.6    401.1
   1486.7   2037.2
    764.7   1600.5
    366.8   2524.3
   1832.5    853.5
   1796.2    293.9
   1264.7    991.2
   2295.9   1317.7
   1433.3   2224.0
   2602.9    703.6
   1062.5    404.6
    259.4   2400.9
   2380.2    172.8
   1665.2   2413.0
    702.7   2157.2
   1067.9     78.9
   2017.0   1201.5
   1243.8   1363.3
   1003.9   1715.5
    510.7   2502.0
   1210.1   2600.2
   1059.9   2323.0
   1010.3   2179.8
    710.9   2519.5
   2301.0   1383.4
   2227.0   1690.1
    284.7   2574.8
    311.5    607.7
   1418.6   1059.1
   1101.8     46.5
     89.4   2631.0
    751.7   1881.8
   2379.1    249.1
   2511.4     82.5
   2103.7    137.9
   2174.4    442.5
   2091.3   1068.7
    874.6    981.7
   2635.0    493.2
   2017.4   1664.2
    465.7   2040.1
   1785.0   1950.4
   1953.6   1118.5
    497.6   1632.3
   1112.6   1071.4
   2423.1   2529.5
   1950.2    413.2
   1383.2    544.3
   1464.7   1529.4
   2551.3     90.4
     48.6    421.5
    301.0   1171.4
   2429.3     72.6
   1693.1    797.1
    425.6   2588.3
   1650.3   1345.4
   2040.6   2119.0
   1134.5    152.8
    628.2    398.3
   2423.9   1625.8
   1750.4   1973.4
   1336.9   2229.6
   1869.5   1295.2
    573.0    437.5
    588.2   1006.7
   1823.2   2111.0
   1315.2    134.5
   2496.8   2197.0
   1767.9   1255.3
   2292.3    402.6
    120.2    598.5
   1356.3   2024.9
   1239.9    508.7
    752.7   1124.4
   2424.4   1538.0
   1470.5   1152.5
    671.5   2635.7
   1448.8   1393.0
   2637.0   2049.7
   1791.7   2406.5
    486.0   1869.7
    247.3   1164.3
   1132.4    559.6
   2231.9   2546.4
   1121.8   2179.6
    779.6   1625.6
   1187.3    760.8
    981.7   1388.7
   2002.8   1929.0
   2153.0   1947.5
   2072.9   1283.4
   2294.8   1729.6
   1083.5   1646.0
    858.5     78.0
   1724.5    774.8
   2579.3   1389.8
   2423.9   1320.2
    737.6   1740.6
    825.6   2512.5
   1613.6   1729.5
    882.1   1339.9
   1586.1    506.3
   2273.2   2044.9
   1132.5   2496.8
   2444.4   1843.8
    935.8    467.5
    179.4     22.1
    956.2   2136.8
   1033.2   1900.9
   1305.6   1409.8
   1991.5   1568.5
    998.3   1804.6
    472.1    484.3
   1700.6    742.4
   1558.2    495.0
   1306.3   2142.4
   1810.4   1324.5
   1098.2    868.1
    185.2   2261.1
   2512.8    510.9
    475.7   1962.7
   1399.6     63.6
    688.8    237.8
   2560.2    802.4
    362.4   1115.7
    727.6   2101.2
   1931.3    270.8
   1452.4   1330.6
    866.9   2625.3
   2531.9     45.8
    144.7   2311.4
   2166.8    180.1
   1439.3    823.7
    982.5   1188.8
   2272.5   1011.3
    451.7   1790.0
    664.6    434.8
   2026.0    812.0
   1070.8   1106.6
   2042.5   1785.1
   1898.6   1159.9
   2361.0   1131.2
   2500.3   1665.6
   1566.1   2064.4
    380.8    291.5
    871.3   2559.5
    384.1   1243.2
     67.7    822.9
   2465.9   1369.8
   1058.9   1872.9
    581.2    870.2
   1597.9   2388.3
   2592.7    151.3
   1806.1   2028.2
    180.0    730.7
   1580.5    201.6
    437.8    480.5
   1420.4   1584.2
   1984.9   2593.3
   2584.4   1294.2
    813.3    567.5
   1760.8   1103.5
   1440.3   2105.8
   1251.9    416.5
   1542.7    156.1
   1691.5   2532.8
   1421.5    764.9
    400.5   1061.5
    559.9   2368.5
   1205.0   2457.3
   1371.7   2347.7
    180.0   1490.8
    139.9    317.9
    305.0   1962.8
   1668.1   1240.9
   1974.8    987.7
   1284.7    686.9
    147.0     29.3
    462.2   1687.5
   2288.0   1523.8
    220.8   2323.1
    484.6   1811.2
   1429.2    510.7
   1990.1    364.7
   1622.6   2031.9
   1414.7     95.7
   1573.3    274.9
     46.2   2086.0
    656.6    632.7
   2567.8    128.9
   1069.9    717.2
   1232.9   1927.2
   1519.2   1322.2
     62.0   2535.4
    502.9     27.6
    455.8   1838.6
   2603.9    275.3
   1070.7   1331.5
     30.0     36.3
   1818.1   1750.5
   2368.7    374.0
   2119.2    187.8
   2014.9   1158.2
   1738.0   1191.8
   2556.3    956.9
   2152.7   1615.7
   1969.6     43.5
   1503.2   1612.3
   1114.3   1030.2
    231.0   2493.0
   1179.5   1685.2
    353.4   1423.4
   1801.8   2306.0
    162.2   1921.8
    850.1   1223.4
    331.6   2560.5
   2100.3   2020.7
   1696.0   2561.7
    794.3   1169.8
   1814.3   1482.9
   2314.7   1536.5
    785.7   1511.7
   1496.2   1512.4
   1313.5   1171.9
   1864.2   1505.6
   1891.3    886.5
     92.2   1084.1
   2639.5    957.6
    218.2   1535.4
   1739.9    545.5
    760.7   1382.0
   1529.7    201.4
    900.4    439.9
   1592.9   2637.2
    616.1    458.4
   2190.4   1333.8
     22.1   1023.6
   1722.1   1038.9
   2056.0   2537.4
   2179.4   2055.0
   1928.8    658.9
   2493.1   1090.8
   1299.2    912.8
    879.7    412.6
    677.8   1926.5
   1710.2    192.7
    103.7   1980.3
     56.4   1419.7
    494.3    530.0
    773.6    260.7
   2064.1   2572.5
    577.7     71.4
   1558.0    771.6
   1387.1   1563.2
    241.0   1974.1
   1631.1    742.8
   2197.4    554.7
    624.9    430.4
    565.0    249.1
   2360.9   2589.7
    277.5   1274.2
   1170.3    185.9
     26.9    556.1
   1458.2   1760.9
   1232.2   2156.0
   1449.3    127.8
   2174.3    273.0
   1669.3    504.0
   2032.2   2496.4
    391.8     59.4
     47.0   2345.2
    759.5    593.3
   2436.5    128.4
    527.2    947.3
   1925.6   2280.3
   2159.0    637.1
    999.9   2560.4
   1020.3   2143.5
   1397.6   1325.2
   1850.6    135.5
   2305.6    524.3
    211.3   2176.9
   1925.5    390.7
   1361.0   1342.2
   1878.8    140.6
   1803.1    766.1
   2388.8     20.8
   2019.1   1084.1
    511.4    431.1
   2253.0    334.9
   1986.5    554.7
   2580.8     49.3
   1882.4   2555.0
     45.4   1599.1
    117.3   1454.7
   1542.2   1917.9
    218.9    648.1
    548.4    516.6
    560.9   1143.4
   1545.9   1103.8
   1544.1   1042.0
   2169.3   2337.4
    157.6    399.7
     22.4   1218.5
    699.3   1457.1
   2308.6   1042.9
   1914.2   1094.5
    735.3    241.7
   1419.8   1167.8
   1328.4    679.2
   2354.9   1854.8
   1388.5    613.6
   1722.3   1489.1
   2291.5    902.2
    708.1   2326.0
    680.6   1198.2
   1966.3    645.8
   1468.2    217.4
    794.5    822.4
    985.4   1743.7
   1214.8   2022.4
   2324.1   1310.1
   1146.5   2095.6
   2618.4   1083.8
   1897.8    680.9
   1959.6   1288.8
   1184.3   1194.7
   1582.1   1369.3
   1053.1   2068.4
    709.6   1619.8
   1219.4    581.1
   1652.4   1107.3
    730.1   1435.7
    942.3   2250.4
   2639.1   1854.7
   1979.3    408.5
   1145.3   1693.2
    998.7   1572.0
    886.2   2487.7
   1027.5   2436.7
   1738.1    359.7
   1027.4   1507.1
   1686.3   2366.7
    665.6    662.9
   2361.4   1343.3
    387.1    648.3
    614.1    637.3
    381.9   1391.5
   1297.9   1274.0
    194.5   2337.2
   1614.4   2276.9
    874.6   1697.5
   1260.7    554.3
    304.2     22.7
   2542.3   1304.1
     54.3   1192.0
   2392.2    143.7
    407.7    702.3
   2145.6    948.2
     64.3   1347.5
   1255.4    302.9
    577.2   2054.4
   1077.5   1453.5
   1900.0    652.2
   1022.2   2622.0
    237.3    128.8
   2454.2   2547.2
   2398.4    385.2
   1470.1   1943.9
     35.8    868.2
   2033.8   2616.5
   1222.7   1630.7
   2422.3    296.9
   1166.5   2015.1
    632.0    294.6
   1148.2    398.8
   2130.9   1513.8
   1237.2    860.6
    324.5    176.8
    348.8   1537.5
   1371.3   2479.7
   1370.3    925.5
    335.6   2392.8
   2294.3    192.7
   2332.9   2004.6
    600.5   1691.4
    941.4    914.7
   1504.9   2491.2
   2456.5    873.5
    848.7   2350.3
    144.3   2531.3
    967.4   2493.1
    305.7    282.1
    805.4   1761.6
    938.3    695.1
    345.6   1041.4
    629.4   2228.0
    100.1    281.5
     26.8   2044.3
    996.0   1242.9
     24.5   2370.5
   1174.2   2483.3
   2195.8     42.8
    132.5   2101.4
    123.7   1531.8
   1461.3    597.9
   2284.4   1346.7
    587.3   1045.4
   2237.4   1335.6
    351.7    146.8
    363.8   1785.5
   2575.8    542.6
   1843.0   1101.7
   1932.1   1526.1
    907.6    936.1
   1240.5   2189.7
    786.7   2626.0
    158.7    446.0
   1583.0    478.2
   2385.3    902.3
   1497.1    728.3
    782.1   1356.2
    909.4   1894.9
   2519.5   1885.2
    993.3   2442.6
   1635.4   2600.9
   2008.6   1895.1
    743.7    881.0
    455.2   1410.0
   1641.8   1824.1
   2066.1   1032.4
   1335.7   1480.6
   1021.8    928.1
   1076.4   2292.5
    782.0   1415.2
   1859.8    549.5
    885.2   2313.6
   1675.6    253.1
   2390.2    967.4
    218.1   1603.6
    565.5    284.4
   1402.9    446.8
   1076.6   1203.6
    951.1   1742.2
    529.3    987.3
    380.5   1354.6
   1401.1   2418.8
   1328.9    304.4
   1172.7   1290.8
   1952.5   1240.1
   2501.3    923.0
    969.1   2100.2
    608.3    950.2
   1293.2   2524.3
     52.1    213.5
    287.0   1770.9
   2067.4   2436.1
   1748.8   1640.4
   2251.8   1095.4
    243.8   1928.0
    876.5   1042.1
    959.8    938.4
   2080.7   2327.9
   1494.2    447.0
   2375.6   2240.3
   1811.4    356.1
   1575.3     62.1
   1185.3    501.4
    358.5   1311.8
   1945.6   1461.1
   2483.7   1869.9
   1788.1    810.5
   1549.0   1676.7
   1769.3   2369.7
   1395.4    360.8
   1042.6    231.8
    417.5   1955.2
   1275.4   2339.5
   2370.1   2009.1
   2543.1    693.4
   1849.8    901.3
    575.9    779.2
   1245.2   1581.7
   1993.3    113.5
   1837.9    580.0
    351.0   2464.4
    582.1    711.4
    540.6   2216.5
   2311.0    476.5
    500.8    926.8
   1424.0   2016.2
    163.4   1141.3
   1738.9   1129.5
   1665.7   2621.2
   2400.2   2001.7
   1757.3    954.7
     47.9   2281.3
   1228.5   1452.1
    328.0   1266.8
   2068.5   2110.2
    623.1   1551.7
   2505.4   2501.1
   1037.6   1429.3
    355.5     54.7
    394.9    413.5
   2445.5    217.2
   2147.2    312.0
    859.5   1395.9
    719.4    812.1
    158.9   1644.4
   1617.8   1571.1
    561.0   1923.4
    290.1    892.4
   2414.2   1918.3
    855.8    153.6
    805.7   2584.2
   2441.9    494.5
   1551.1     37.1
    672.8   1774.7
   1841.3    192.7
    723.2    171.7
    135.6    516.9
    409.0   1027.3
   1264.7   1517.0
    724.0    949.8
   2614.8   1594.9
   1790.8   2090.4
   1336.3   1381.5
   1720.4    931.9
   2612.2   1431.8
    537.9    597.8
   2542.7   1864.2
   1794.2   1700.0
    399.1    831.6
     53.0   2445.7
    532.2   2098.9
   1908.6   2051.4
   2554.7   1212.4
   2066.1    663.2
    802.5    221.6
    849.1   1678.3
    535.7   1194.4
   1799.3    498.0
   1882.2    408.8
    541.5   2628.7
    155.7   2340.6
    862.4   1180.4
   1299.1   1549.3
     63.3    752.9
    787.5   1112.8
   1171.7    154.5
   2593.6    990.2
    479.6   1363.8
   1460.6    783.8
   1035.8   1268.3
   1273.2   1310.2
    102.8   1240.0
     63.6   1571.1
   1856.5   2101.8
    186.4   2207.6
   1377.7    837.1
   2035.8   1272.5
    494.7   2403.4
    718.6   2019.1
   2472.6    722.6
   2558.1   2264.8
    789.3   1201.4
   2627.8   2176.9
   1603.0    904.1
    287.2    138.1
    484.8    883.8
   1726.9   2167.7
   1053.1   2184.0
    770.2    397.2
   2148.3   1216.3
    277.1   1223.7
   2143.6   2307.5
   2603.2    482.9
   2015.7   1327.9
   1532.7   1559.5
     95.5   1799.5
   1372.2    698.6
   2231.7   2293.1
    800.5    466.3
   2591.7    820.8
   1941.8    934.9
   1429.5    455.6
    222.4   1747.7
    236.4    565.4
    158.5    216.5
    252.4    962.3
   2062.7   1744.7
   1406.2   1256.2
   2138.3   1292.6
    217.5    785.7
   2345.1    511.8
   1133.1   1816.6
    374.1   2062.6
   2130.7   1784.3
   1030.7    648.0
   2204.3   1151.5
   1368.1    758.7
   1110.1   2524.3
   1738.1   1606.7
    499.9   1708.0
   1114.5   2013.9
    869.1    741.9
   2447.7    918.9
   2271.8   2329.6
   1682.9   1172.2
   2592.0   1460.6
   2446.5   2268.9
   2442.7   1572.2
    426.9    567.4
   2435.6    740.5
    657.8   1948.8
   1144.1    632.5
   2524.4    576.5
   2640.0    102.9
   2065.7    921.3
   2546.3   1598.3
    254.2    594.2
    332.2   1192.1
   1766.3     45.6
   1991.2   2452.8
   2179.3   2134.0
    190.5   1381.3
   1165.6   1922.6
    941.4    761.3
   1167.5   1714.4
   1481.5   1297.0
    441.3   1931.2
   2281.2   2159.6
    651.1   2280.2
    237.4   1445.4
   1907.5   1321.7
   2030.2   2398.2
   2587.3   1781.7
   1415.6    872.7
   2276.9   1666.6
   1278.3   1048.1
    579.5   1343.9
   2121.4   1938.9
   1398.7   2358.3
    344.9    433.9
   1717.4   1654.5
   1981.0   1906.4
   2230.9   2384.8
   2432.8   1230.3
    461.1   2189.0
   2499.9   2060.5
    577.3    592.1
   1597.6   1453.0
   1949.3   2452.9
   1176.7    695.1
   1010.3    898.0
    702.5   2050.6
   2118.2   2101.6
     73.6   2502.4
   1923.9   2172.2
   1919.0   2427.7
   1956.8   1634.1
     83.7   2316.4
    394.8   2035.5
    207.3   2465.4
   2272.7   1755.9
   1827.5    634.4
    729.5   2617.7
    741.0    424.0
   1896.5   2595.8
   2190.6    401.6
   1610.4    369.7
   2380.7    797.9
    311.3    711.2
   2577.9    178.2
    766.0    784.2
   1289.3   1205.8
    823.8    155.7
   1396.4   2257.9
   1613.5    270.4
   1117.1    774.9
   2622.5    337.0
    615.5   2002.7
   2267.8   1951.7
   1501.8   2354.0
     29.0   1325.5
    832.4    863.3
    504.5    168.4
   2509.9   2585.6
   2319.2    660.9
    363.8   1840.7
   1712.3   2231.5
   2545.5   2079.5
    181.8   1239.4
    207.5    900.9
   2468.1    454.5
   2026.4   1515.2
   2163.4   1016.2
   1769.6    271.3
    215.3     86.3
    928.4   1144.6
   2552.5   1010.1
   1931.9   2106.7
   2052.3   1835.7
   2630.9   1741.7
   2525.1   1698.1
    701.9   1171.6
   2623.2   1264.5
   2278.0   1613.4
   1496.2   1555.3
   1335.8   1519.5
   1030.0    327.7
   2279.4    966.1
    930.4   1317.6
   2198.1   1922.1
   1735.2    723.5
    856.0   2516.2
   2269.7   2470.4
   1608.0    567.8
    532.3   1382.1
   1682.2    142.9
   2352.7   2083.1
   1673.5   1809.2
   2383.1   1955.9
   2315.4   1611.8
    459.5    578.4
   2135.7    768.9
    561.2    820.9
    139.3    998.3
     81.1   2251.0
    866.2   2222.5
   1313.1   2111.4
    895.2   2636.8
   2090.8   2057.9
   2049.9    630.9
    503.5    619.8
    690.1   1990.2
   1447.8   2544.7
   1894.1    982.1
   1832.3   1006.6
   2525.9    220.8
    759.1   1777.5
   2411.5    889.0
   1468.7   2124.6
   1111.8    308.2
   2166.4   2398.2
    833.2   1962.3
    172.1   1171.7
   1750.8   1365.3
   1253.7    212.5
   1140.1   1084.4
    954.5   2567.3
   1934.9    150.7
    712.3   1499.7
   2543.7    729.5
    925.6   2078.8
   2374.4   1612.6
   1705.4    253.6
   2110.9    954.8
    374.2   2096.9
   2482.2   2518.6
    527.2    571.8
   1424.7   2148.9
    739.6     73.9
   2266.8   2126.1
   1913.7   1898.1
   2406.0   1211.2
   1920.1    537.6
    919.9     59.8
    838.7   2179.3
   2009.0   1703.8
   2537.4   1656.7
   2298.7   2291.8
   1263.1   1280.7
   1794.0    418.4
     87.1   2085.9
   2459.4    402.9
    416.4   2229.8
   2465.2    307.0
   1116.0   1983.9
    294.3    468.3
    675.4    959.4
     76.0   2043.6
    482.5   2637.0
   2536.9   1124.7
   1195.4   2268.5
   1364.5   1473.6
   1681.4   2105.0
   1745.9   1559.7
    479.4    820.2
   1178.7   1009.7
    692.1   2185.5
   1635.6    590.6
   2587.3    732.8
    793.2    931.1
   1545.4   2639.7
   2001.5    959.7
   1470.2   1413.7
    760.3    736.1
   1808.0   1235.9
   1496.3   1130.7
   1700.6   2426.6
   1126.3   2360.5
   1558.2    229.5
   1320.7    889.3
    986.1    423.4
    446.9   2143.6
   1314.9   1939.1
    783.3   1666.3
   2167.7   1722.1
   2602.7   2013.4
   2489.3   1281.2
   1523.4     46.9
    440.1   1263.2
   1286.3   2036.5
   2088.6    376.2
    677.3    293.8
   1378.3   1767.4
    615.5   1511.0
    580.0   1977.9
   1082.9    519.5
   1161.2    933.7
    206.1   2620.0
   1964.0    344.5
   2500.9     54.2
    388.3   2232.3
    564.4   1709.9
    727.6    360.4
   1409.8   2605.3
    306.0   1517.4
    134.1   2172.6
   2524.7    862.2
    967.0   2354.3
   1973.5    858.8
   1180.3   2519.1
   1903.1    244.8
   2103.0     37.0
    884.4   1124.0
   1834.4   2014.9
   1145.6   1545.4
   2133.7   1574.7
   2053.0   1634.6
     41.1   1546.0
    212.6   2218.2
    526.0    718.2
    688.4   1675.6
   1953.7    832.1
   2383.7   1519.2
   1085.7    483.9
    570.8    138.9
    539.8   1540.7
   2515.4    294.2
   1974.5   1669.0
   2240.8   2255.2
   2393.2   1651.0
     54.0   2312.7
   1928.3   1295.2
   2549.6   2148.0
   2122.0   2475.4
   1961.4   2174.6
   1920.0   1134.3
    902.1     24.7
   1276.4    807.0
     97.9   2214.8
   1032.6   1538.0
    321.8   2324.2
   1057.2   1404.4
   2258.6    251.9
    359.6   1203.9
   2131.9   1058.0
   1697.9    362.8
    604.4   2433.9
    751.9    374.9
   2021.4    915.1
   2346.1   2167.4
   2206.9    634.8
     88.5   1004.9
    366.0   1167.5
    881.4   2529.0
   2419.7   2633.3
   1700.3    909.9
   1606.6   1527.5
   1157.7   1150.1
    775.5    956.6
   1347.7   2085.1
   1455.6   2508.2
   1915.2   1946.0
   2466.2   1974.4
    763.7   2459.7
    274.2    691.3
    791.1   2149.4
   2134.1    698.4
   2248.6   1467.2
    527.8   2274.6
    677.6     39.0

# vim:ft=conf
