ns3::ListPositionAllocator
    300.0    300.0
    354.7    213.0
     20.8    214.0
    481.0    257.1
    344.7    110.6
    259.5    226.2
     97.6    158.0
     72.8    506.4
    452.3    406.6
    186.2    516.4
    331.8    555.9
    173.8    216.2
     57.2    470.4
    369.6    473.1
    230.6    534.7
    440.8    476.0
    554.4    429.8
    268.8    366.2
    171.8    130.0
    519.8    379.1
    510.6    153.3
    249.1    479.7
     98.8    311.8
    274.4    154.2
    245.0    447.4
    567.3     70.3
    578.0    170.1
     49.3    336.6
     86.5    354.6
    543.9    476.0
    118.7    128.9
    501.6    309.6
    576.7    223.0
    342.3    244.8
     69.2    296.3
    307.4    232.8
    124.3     22.9
     70.5    104.8
     88.2     53.2
    456.7    192.9
    222.2    241.3
    311.2    341.1
    184.0    302.2
    204.3    209.6
    407.5    344.5
     88.4     24.3
    125.5    470.1
    365.2    167.5
    216.1    399.3
    159.7    535.6
    197.9     80.3
    254.1    329.3
    397.1    532.8
     48.3    370.0
    304.7    174.4
    208.1    441.6
     78.9    225.3
    277.9     84.4
    409.0     74.0
    133.2     96.3
    297.2     28.8
    206.2    565.1
    462.0    534.5
    101.8     87.6
     92.7    411.6
    512.2     72.8
    255.4    560.1
    155.9    433.6
    130.4    328.3
    549.1    398.4
    372.4     69.8
    209.5    143.2
    573.8    535.6
    296.4     61.6
     80.4    551.4
    542.4    517.3
    457.3    501.1
    170.4    352.5
    360.9    549.5
     42.4    435.9
    383.8    321.9
    405.1    209.6
    510.0    207.4
    516.8    280.4
    244.7    155.0
    186.8     51.9
    570.5    106.4
    515.3    428.4
    184.0    187.1
    100.6    273.6
    363.5     20.1
    325.4    461.5
    466.3    161.6
    225.8    297.7
    443.3     35.8
    460.7    324.2
    272.9    276.9
    560.1     31.3
    409.2    131.5
    121.1    403.8
