# 75 nos mesh — posicoes lista (seed=211)

ns3::ListPositionAllocator
      0.0      0.0
    287.8    371.1
     30.0    438.6
    319.6    329.1
    420.7    182.5
    398.8    341.2
     82.6    355.5
    302.6    408.3
    308.7    460.2
    104.4     98.1
    477.1    359.7
    275.8    447.5
     80.9    134.7
    321.9    267.8
     50.0    201.7
    121.2    138.5
    244.3     69.4
    407.9     87.2
     21.2    261.1
    146.7    124.0
    363.7    322.3
    422.7    479.9
    150.1    274.0
    181.1    137.0
    148.0    186.9
    244.6    345.6
    483.1    438.8
     52.7    135.2
    458.1    459.4
    274.5    125.7
     52.3     35.3
    289.9    319.2
    185.6    262.1
    122.3    361.7
    310.3    299.4
     22.7    383.2
    458.2    328.0
    369.4    208.1
    432.7     33.1
    394.5    439.5
    116.1    320.6
    228.8    420.0
    107.1    280.0
    266.2    180.0
    321.8     50.9
    204.9    448.8
    472.4     72.1
    431.5    298.4
    196.4    103.5
     71.6     59.8
    480.8    487.4
     50.5    372.1
    240.0    240.3
    296.9    248.6
    396.1    390.6
    252.5    466.7
    210.1     42.1
    350.6    377.9
    256.3    287.2
    233.0     22.7
    116.4    467.5
    382.0    240.0
    374.7    357.0
    118.1    426.8
    212.1    252.8
     21.2    229.7
    178.5    353.7
    373.2    477.0
    169.5     95.7
     22.8    326.0
    415.0    228.1
    314.8    198.5
    339.8    404.5
    210.8    290.9
    234.1    104.1

# vim:ft=conf
