# 500 nos mesh — posicoes lista (seed=500)

ns3::ListPositionAllocator
      0.0      0.0
   1048.6   1244.8
    766.0    349.8
    995.2    505.0
   1053.8    457.7
    756.4   1041.1
     43.4    446.2
    533.7    400.4
   1205.7    109.3
    598.2    416.8
    192.6    170.5
   1167.7    497.4
   1208.6    502.0
    453.0    255.5
    123.3     29.8
   1009.8   1168.3
   1235.2    950.6
   1158.5    793.8
    635.9   1241.9
    732.6    247.4
    760.0   1147.2
    992.8    699.2
    969.4    377.4
    893.7    806.4
     98.3   1238.9
   1107.5   1031.3
    363.5   1024.1
    481.2     92.5
   1183.0    934.0
    354.0    618.7
    256.5   1164.5
    444.9   1109.8
    561.1    766.1
    367.4     67.4
     57.8    245.0
    528.1    114.1
    634.7    331.0
    367.8    519.9
    388.7    614.8
    767.4    733.0
     25.5    207.4
    123.9    672.2
    637.5    456.4
    555.5    210.1
    496.6    763.5
   1102.2    635.6
    916.4     86.4
    724.5   1035.1
    956.3    475.0
    517.8   1248.2
    945.3   1236.9
    651.8    998.6
    823.3    742.4
    823.3    886.0
    469.5    372.0
   1092.3    950.5
    485.3    646.2
   1249.5   1008.0
   1258.4   1199.2
    300.2    691.9
   1144.9   1226.6
   1290.9    374.8
    458.0    862.5
    362.4    154.2
    654.6    697.1
    592.1     84.1
    903.2   1184.4
   1150.5    621.1
    505.6   1134.2
    281.9     75.4
    452.8    487.8
    240.0   1257.9
    726.8   1267.1
    529.6    784.3
    780.6     39.2
    926.2    178.5
   1000.9   1063.3
    216.1    139.2
     63.9    869.0
    313.5    650.7
    554.9    327.4
   1202.9    762.1
   1073.5   1140.0
    138.6    181.6
    839.4    327.9
   1043.2    991.2
   1001.9    446.6
    675.4    343.6
    440.7     76.0
    677.4    426.2
   1286.1    679.3
   1006.8    963.4
    460.1     40.3
     55.3    819.6
    305.5    595.5
   1189.3    977.2
    729.1   1300.0
    211.3    364.3
    169.7    826.5
   1011.5   1126.6
    154.3    880.5
   1059.5    183.6
   1305.9   1007.4
   1243.3    285.7
    697.5    292.1
    610.5    884.5
    672.0    643.4
    408.9     66.2
    510.2     35.7
    417.9   1233.8
    410.7    342.0
   1226.0    845.3
    552.1   1143.6
   1183.7    900.7
    986.2    777.9
    209.8    625.5
    607.8    690.6
    992.2    233.1
   1309.6   1154.9
    484.5    984.7
    907.5    253.1
   1033.2    851.5
    906.0    155.9
    945.7    795.2
    113.8   1271.5
    842.8    969.5
    583.8   1199.2
   1151.6    349.2
   1107.8   1207.8
    561.2    470.6
   1201.7     68.1
    138.7   1222.4
    863.3    874.9
    380.0    808.4
    234.2    687.8
    146.9    144.3
     20.7    514.7
    906.3    403.1
    854.5    928.3
    287.3    506.3
     83.5    637.7
    139.8   1040.0
    703.4    459.1
   1008.5    991.9
    742.4     90.3
    799.8    643.9
   1043.0    562.1
   1236.8    191.9
    251.7    644.7
    876.9    252.7
   1308.3   1105.4
    748.3     56.1
    365.2    674.1
    922.4    291.9
   1034.6    806.0
    784.6    523.5
    195.9    722.4
    467.9    701.8
    529.5    892.2
    103.2    545.4
    536.1    997.6
    529.8    264.8
    191.5    995.0
    958.5    552.8
    856.6    803.4
   1098.1   1108.4
    316.8   1208.3
   1007.8    413.2
    270.0    409.3
     53.2   1229.6
    891.3    650.7
    527.3    851.7
    223.1     52.6
   1046.6    684.2
    679.2    960.7
   1309.2   1268.2
    212.2   1077.9
    433.4    149.4
   1134.2    851.2
    812.4   1005.3
     25.3    269.1
    427.6   1141.8
   1226.5    578.1
    181.4    106.5
    429.3    827.4
    267.3   1207.4
    806.2    787.8
   1046.7   1100.2
    715.1    770.2
    426.7    266.5
    210.8    204.9
    104.6   1065.5
   1262.7   1103.2
    307.4    824.6
    490.3    348.2
    942.1    410.6
    132.8    955.7
   1129.9    296.8
    501.4    286.1
   1275.4   1258.8
   1268.4    325.1
    687.0    782.5
     88.6    452.9
    174.7    920.6
   1283.2     85.5
    553.8    938.4
    435.4   1197.6
    221.9   1014.8
     92.3    223.6
    393.0    137.7
    634.0    487.5
    761.1    621.1
    646.5    178.5
    425.0    454.9
    290.2    851.9
    739.5   1093.4
   1300.0    892.8
    599.6   1077.7
   1063.0    378.9
    180.3    760.5
    417.7   1298.0
   1258.1    566.2
    505.9     65.3
   1231.6    794.7
   1077.6    984.6
    596.5    364.9
   1160.7   1070.3
    740.7    596.7
    195.4    305.0
    424.7    407.0
    187.9    680.8
   1223.1    163.6
   1015.9    930.0
    600.2    819.2
    357.9    943.7
    219.4    274.1
   1175.8    566.5
    511.7    477.2
   1308.5    246.7
    444.8    527.8
   1125.7    257.4
   1136.2    161.4
   1000.9    615.4
     89.6    396.2
   1127.4    763.6
    634.3    410.9
    256.7    277.6
    662.3     55.5
    133.6   1093.9
    598.9    756.2
    409.4    173.5
   1178.9    306.1
   1170.3   1162.1
   1234.2   1285.3
   1006.8   1248.0
    883.4    136.6
    454.6   1064.2
    947.4     28.1
    768.0   1107.8
    254.6    893.7
    108.4   1172.8
    158.5    554.1
     95.0    192.0
    661.6    869.8
     86.4    365.4
    213.1    850.4
    463.1    628.5
    638.4   1173.3
    469.5    221.2
   1049.2    607.6
    167.1    334.3
    330.5   1142.3
   1056.7   1168.6
     77.6   1079.8
    266.4    444.3
     71.6    755.6
   1016.6    584.1
   1208.9    544.4
   1092.8    393.8
    676.4    832.5
    348.0    972.8
   1279.4    171.5
    324.0    492.9
    397.8    207.5
    215.4   1137.8
   1006.7    359.7
   1077.4    665.7
   1198.1    257.0
   1098.0    814.5
    164.1   1288.0
    921.9    370.5
    112.6    415.9
    771.4    678.6
    184.7   1070.0
    751.2    531.8
   1128.3   1180.6
    935.5    342.6
    618.6   1108.8
    273.2    309.5
   1238.2    687.2
   1027.0    750.9
    527.3    169.5
   1158.1   1278.1
   1024.0    312.4
     88.8    133.9
   1194.4    405.9
    379.5    765.8
   1011.3    876.4
    282.5   1139.2
   1140.7    964.4
    736.9    138.3
    474.7    514.8
    308.4    249.0
    866.2   1235.4
    782.6    206.3
    526.0    598.9
   1065.1    232.4
    372.8    412.9
    785.7   1186.2
    511.6    944.4
    701.5    167.3
    466.9   1195.5
    115.5    842.6
    349.4    203.6
   1282.6    452.8
    887.6   1138.1
   1078.0    532.8
    593.0    482.8
   1237.7    880.2
    493.8    849.2
     55.2    294.8
    929.7    728.6
    753.7    457.7
    811.7    266.8
    329.9    153.8
    668.6    150.0
     66.9   1185.1
    713.9    212.4
   1241.0    232.6
    302.4   1014.2
     67.5   1008.7
   1110.5    101.9
   1062.2    144.0
    705.7    394.4
    279.8    796.9
    942.1    862.6
    686.9   1017.9
   1167.3   1108.9
    822.8    569.0
    958.2    953.1
    569.1    555.7
     33.5    642.7
    753.4    216.7
    447.2   1237.4
    246.5    757.4
   1297.5     58.7
    470.0    459.3
    466.4   1164.4
    470.7    749.8
     33.0   1047.8
    275.4   1303.3
    564.4    803.2
    989.3    566.6
   1245.2    732.6
    634.5   1051.8
    963.5    220.3
    715.8   1153.2
    895.5    302.7
    981.8    824.1
   1308.9    818.0
    453.6    809.1
    449.0   1005.8
    768.2    571.6
   1102.3    566.4
    256.4   1058.4
   1047.8     30.5
     26.4    717.6
   1146.2    711.1
    132.8   1141.6
   1282.7    113.5
     93.7    705.9
     97.4    263.6
   1217.3   1100.8
   1286.5    511.2
    810.6    160.7
    319.7    980.5
    761.3    391.3
   1154.9     43.4
     40.9    770.5
   1277.8    730.9
     84.8    306.6
    219.9    769.2
    686.1    606.2
    932.5    767.2
    881.4    709.0
    834.1    300.0
    154.3    694.4
    720.8    660.0
    263.0   1276.1
    253.9    386.1
   1214.0   1247.4
    189.7    255.8
    322.8    730.4
    206.0    439.1
    737.5    802.0
    367.8    887.6
    599.3    278.4
    376.2   1128.1
   1212.4    652.5
   1162.7    135.0
    432.1    745.6
   1080.5    863.3
    873.5   1196.6
    242.4    505.0
   1161.1    593.9
    958.0   1305.9
    152.9    431.2
    536.3    662.0
   1219.1   1015.5
    811.5   1217.5
   1046.1   1029.0
   1112.9    987.9
    594.7    945.6
    132.5    103.6
    351.0   1201.9
    530.1     86.0
    403.6    955.4
    149.6    602.1
    544.3    715.2
    885.6    446.7
    987.5     28.9
     27.5    568.8
    188.7   1191.5
    749.6   1179.4
    331.6    348.0
    399.8   1082.9
    574.7    678.1
   1231.1    626.3
   1054.0    278.3
   1259.2     65.6
    875.0    770.3
    776.7    899.5
   1242.9   1147.7
    726.7    501.3
    524.3    511.7
    208.8    332.3
    156.3    526.1
    321.0   1114.1
    536.6    964.6
    766.2   1002.7
    657.5    233.5
   1012.5     47.4
    633.6    955.1
    710.2    881.7
    266.3    988.1
    216.3    405.0
    297.4    348.6
    520.8    741.9
   1271.5    478.7
    292.7    208.3
    855.6     39.1
   1078.5    428.7
    601.8     44.2
    133.9    219.0
     51.1    966.4
    352.7     32.5
    590.5   1234.9
    634.3    648.3
    188.3    380.6
    331.5   1249.9
   1241.0    358.6
    699.4   1245.0
     41.5    610.6
    944.7    983.2
    806.7    130.6
   1083.0   1300.4
   1010.8    535.6
   1066.3    805.4
   1308.5    786.2
   1166.6    238.1
     70.1   1296.4
    979.2   1027.6
   1016.6    143.4
     55.6    499.8
    224.8   1215.8
   1238.3    416.1
   1108.7   1137.3
    974.9    592.0
    582.4   1034.6
    581.4    254.1
    663.1   1122.1
    676.3    498.3
    633.0    280.7
    903.0    747.4
    670.0   1054.4
    596.5   1301.2
    696.3   1212.5
    613.7   1202.2
   1184.2    830.7
    697.7     71.9

# vim:ft=conf
