# 150 nos mesh — posicoes lista (seed=310)

ns3::ListPositionAllocator
      0.0      0.0
    398.6    149.8
    198.6    217.0
    424.1    616.1
    381.3    562.5
    236.2    309.9
    529.7    603.1
    130.7    226.4
    116.5    167.0
    460.7    131.3
    505.5    588.9
    678.4    473.5
    407.9    231.4
    488.5    274.3
    218.9    343.7
     84.4     55.1
     83.4    563.3
    653.2    347.8
    539.3    519.7
    302.1    569.1
    211.0    428.3
    362.9    359.4
    340.4    466.6
    428.5    264.7
    655.1    517.2
    119.9    496.8
    356.1    685.1
    368.1     86.4
    573.3    519.5
    642.5    394.2
    554.9    443.9
    272.1     46.8
    263.1    425.1
    472.6    216.7
    466.9    588.6
    170.1    525.6
    298.0    103.0
    167.0    241.4
    550.1     42.7
    163.5    369.2
    333.8     62.0
     74.6    610.5
    507.8    300.0
    233.9    468.1
    281.8    333.4
    125.8    194.6
    376.4    327.9
    377.5    126.0
    439.5    103.3
    426.2    209.6
    550.4    178.0
    379.0    221.4
     20.9    539.4
    113.2    565.9
    476.1    688.2
    323.6    639.0
    140.2    631.6
    203.7    141.6
    455.8    168.3
    103.9    262.2
     28.9     51.6
    534.1     76.1
    453.3    370.3
    245.8     20.1
    205.6     36.4
    619.2    173.3
    479.7    646.6
     61.8    435.5
    227.6    639.8
    242.3    553.6
    204.4     99.5
    189.1     59.6
    146.3    558.9
    483.0    185.5
    300.4    600.5
    327.3    550.4
    504.6    678.1
    458.0     67.9
    489.3    548.3
    404.7    389.2
    158.3    606.7
    263.1    159.9
    272.2    647.0
    685.2    357.3
    680.4    405.0
     41.3    520.2
    600.8    635.3
    598.1     22.0
    270.2    505.1
    381.9    619.3
    552.0    292.0
    630.1    439.8
    474.5    321.2
    651.9     53.3
    113.7    383.2
    692.0     76.1
    695.9    433.0
    589.8    491.5
     45.2    120.4
    325.7    255.3
    426.6    468.2
    503.3    111.5
    525.7    258.0
    586.8    305.3
    497.1    406.2
    409.1     67.1
    662.0    297.8
    231.3    668.6
    396.1    417.0
    385.4    181.8
    433.5    392.3
    442.0    309.1
    556.3    674.9
    356.2    244.3
    684.7    140.5
    227.0    223.8
    160.6    435.9
    268.6     94.9
    298.8    493.9
    149.1    685.4
    261.7    587.7
    326.0    521.5
    450.1    562.8
    647.7    680.6
     41.2    301.3
    297.3     22.8
    526.5    416.0
    552.5    112.5
    200.3    248.8
     22.8    452.3
    654.5    453.5
    455.4    491.6
    630.7    316.0
     32.9    274.4
     86.0    678.9
    679.2    218.2
    201.5    580.1
    333.4    205.2
    510.5     35.9
    638.0    272.1
    500.4     69.1
    175.0    136.8
    594.3    698.4
    126.0    135.4
    479.6    614.3
    658.7    648.5
     65.9    351.9
    359.3    520.8
    198.1    680.6
    543.2    148.5

# vim:ft=conf
