# 200 nos mesh — posicoes lista (seed=400)

ns3::ListPositionAllocator
      0.0      0.0
    266.1    223.0
    670.3    472.8
    643.6    386.7
    768.6    700.5
    457.7    774.4
    247.9    189.8
    742.2    781.1
    652.4    600.3
     55.8    219.6
    638.6     25.0
    766.8    195.1
     98.9    280.8
    758.5    497.2
    715.2    638.7
    713.1    816.9
    530.0     68.5
     96.2    739.3
    459.1    818.3
    516.0    816.1
    342.7    733.4
    709.4    739.9
    357.7    246.8
    573.4    559.9
    241.8    606.6
    720.7    691.8
    153.8    448.1
    581.1    510.1
    208.5    141.4
    508.6    756.4
     80.8    655.3
    243.6    335.8
    775.9    616.5
    118.6    335.4
    371.7    556.0
    600.8    660.3
    275.9    564.5
    457.1    309.3
    387.6    447.9
    266.4    400.5
    599.4    340.7
     41.1    628.5
    116.4     67.9
    278.7    295.3
    218.3    623.7
    649.3    185.9
    654.8    562.1
    483.7    602.2
     63.7    491.9
     84.0    813.4
    426.6    496.9
    524.4    394.4
    490.1    304.1
    196.5    302.0
    561.0    312.0
    458.6    731.2
    366.6    139.1
    219.3    463.3
    725.4    103.3
    574.5    473.3
     82.8    698.4
    211.5    395.2
    788.6    234.3
    651.2    766.8
    647.6    254.7
    388.9    253.5
    130.8    785.2
    560.9    653.8
    792.1    731.9
    679.0     62.0
    170.7    714.3
    519.3    618.7
    747.5    135.8
     88.3     41.3
    212.3     25.7
    142.2    262.6
    382.0    188.5
    676.5    396.4
    346.0    167.6
    464.6    349.9
    107.9    600.8
    453.7    228.3
    174.2    387.9
    675.3    138.1
    797.6    319.5
    455.5     25.5
    287.0    420.8
    208.2    423.7
     42.5    700.2
    321.7    419.4
    491.5    440.9
    380.5    775.9
    305.7    177.0
    276.3    601.3
    189.0    224.0
    346.8    449.2
     38.4    177.6
    671.9    335.4
    355.1    421.5
    577.6    699.6
    731.3     39.5
    695.9    777.2
    159.5    234.7
    601.6    602.3
    331.5    704.1
    615.3    416.0
    488.2    179.0
    745.9    388.8
    347.7    578.8
    521.5    239.8
    620.4    299.7
    797.8    448.0
    543.3    105.5
    591.5    768.6
    327.3    608.9
    429.9    421.3
    547.4    608.9
     36.4    788.6
    225.0    797.3
    509.1    126.5
    385.5    353.7
    420.1    763.6
    246.8    524.2
    304.9    283.3
     36.0    479.6
     36.2    303.2
    814.8    271.7
    747.9     70.2
    705.9    313.2
    669.1    632.2
    669.8    236.5
    718.2    473.9
    665.4    512.6
    411.3    708.2
    669.3    686.5
    577.9     36.0
    800.8    788.1
     82.8    340.1
    675.2     95.4
    397.7    292.4
    747.0    671.2
    201.8    651.9
    421.4     36.1
    460.7    144.2
    273.2    760.1
    283.0    145.3
    518.0    451.2
    451.3    589.7
    112.6    213.3
    406.8    640.7
    206.4    708.5
    516.9    708.7
    672.0    723.9
    567.2    428.4
    562.6    781.9
    629.2    617.3
    158.5    206.2
    459.8    461.9
    804.3    180.7
    543.1     42.6
    649.5    815.9
    300.3    216.4
    684.7    600.9
    361.5     62.0
    199.1    782.8
    698.2    255.5
    532.7    563.9
    486.4    399.3
    125.0    563.5
    164.8    110.4
    520.3    363.0
    644.6    341.8
    302.3     55.3
    566.5    384.4
    692.1    198.5
     92.2    117.8
     36.8    366.6
    285.9     92.9
    355.7    642.1
    492.0    792.2
    292.7    795.1
    309.3    319.8
    622.3    464.1
    515.4    532.2
    627.0    132.8
    171.1    556.5
    602.7     64.1
    699.4     34.5
    108.6    678.9
    706.2    443.0
    407.2    220.7
    223.4    753.2
    754.1     98.6
    344.4    782.2
     65.4    190.8
    644.8     52.8
    715.2    601.7
    133.6    297.4
    506.8    499.9
    112.2    380.6

# vim:ft=conf
