# 500 nos mesh — posicoes lista (seed=501)

ns3::ListPositionAllocator
      0.0      0.0
    844.9    831.1
    330.8   1060.8
    454.0    489.4
    946.2    473.8
   1241.6    612.4
    501.1     45.8
    996.5    295.7
    609.1    891.4
    622.1   1247.7
    528.3    482.1
    153.2     57.2
    172.6    757.7
    168.8    663.8
    213.5   1044.6
     66.3   1021.1
   1225.7   1241.9
    621.4   1065.3
    240.4   1257.7
   1279.6    947.9
   1269.4    825.4
   1273.5    517.7
    124.6    288.2
   1136.5   1106.1
    515.3    940.6
   1182.1    470.3
    365.0   1290.4
    495.8   1212.9
    347.4   1261.8
     68.6    476.0
    585.6     89.6
   1068.4   1232.9
    551.2    916.1
    360.7    414.6
    883.0    682.7
    150.3   1296.9
   1296.4    808.7
   1211.8    452.3
    575.1    841.3
    116.2     77.9
    681.4    272.2
    988.8    837.3
    546.3    647.8
    911.1    185.5
   1018.8   1094.0
    284.1    189.6
    991.7    869.4
   1047.3   1308.6
    944.4   1212.7
    286.7    538.0
   1164.9    939.6
    849.2    530.5
    321.5   1136.3
     81.4   1178.1
   1100.2   1237.1
     67.1    716.0
    954.4    541.6
   1247.3    884.1
   1098.3     74.8
   1246.4    247.7
    423.2    512.3
   1000.1    141.5
    586.0   1125.0
    771.1    435.1
    748.2    223.7
    127.6    598.4
    335.1    738.3
    167.1    241.7
    922.1   1040.1
    196.8   1092.2
   1003.1    917.8
    733.8    164.4
    396.4     54.3
    111.8   1138.1
    319.1   1262.9
    914.7    483.5
    664.8    840.5
    655.2    743.1
   1060.8    112.5
    897.9    606.9
     20.6   1044.3
    467.0    662.5
    319.4    259.3
   1266.4    383.8
   1074.7    148.4
   1057.3    968.7
    842.2    615.3
    368.4    148.7
    773.5   1204.2
    650.4    903.1
    362.5    709.9
   1025.1    830.8
    362.9     43.4
   1015.8    179.3
    873.3    441.7
    123.7    779.8
    856.8    951.4
    498.8   1158.1
    646.4     72.2
    442.9    233.5
    165.2    288.4
    771.8     80.9
    293.8    235.3
    405.2    424.1
   1151.8   1067.6
   1243.8     94.0
    335.2    570.7
    713.7    231.8
    266.8   1192.2
    659.3    235.3
    853.2    333.8
    133.3    241.4
    788.0    218.5
   1095.0   1008.8
    931.1    985.7
    385.9    460.0
    759.8    995.2
   1175.8    189.0
    461.1    153.6
     34.5    137.8
    329.4    216.3
    844.0   1083.3
    903.4     81.4
    563.0    374.1
   1211.7    210.8
    232.7    538.9
     62.4   1265.1
    234.8    862.6
   1060.1    609.7
    826.8    946.0
   1147.7    616.8
    206.9    498.7
    692.7    370.6
   1214.8    411.2
    366.4    481.8
    773.6    666.9
    681.4    543.9
    211.7    234.6
    162.0    928.9
    954.5   1001.6
    484.6    179.3
    830.5   1176.9
     43.5    170.4
    596.4    488.6
    156.5    870.8
     38.9    625.7
    697.8   1098.1
    706.8    507.3
    931.3    771.2
   1113.1    172.9
   1192.4     36.3
    804.9    534.1
    916.7    829.1
     64.5    554.5
     31.5    402.0
     71.6    208.1
    780.8    507.6
    963.0    678.3
    834.9    673.1
    631.8    981.4
    412.2   1300.0
    862.0   1218.1
    707.7    434.2
   1206.5    945.3
    846.0   1292.0
   1097.5    672.3
   1239.9   1139.9
    554.0    192.7
    398.6     20.9
    940.5    377.3
   1037.9   1010.6
    138.9   1037.6
    944.6    429.0
    776.4    834.2
    755.4    255.1
   1223.6   1188.6
    273.7    274.8
    149.6    419.9
   1272.7    433.4
    281.9    894.0
    707.6    201.7
    496.8    478.7
    157.4    621.3
    163.4    580.2
    725.5   1289.7
    334.5    886.0
    788.2    154.3
   1142.2    489.2
    446.6   1223.9
    730.6    775.0
    893.0    885.6
    877.7    833.4
    425.0    773.5
    208.6    917.7
    501.7   1099.1
    847.1     24.5
   1305.3    186.9
    819.1    412.8
   1081.6   1137.9
    558.9    790.4
     52.2    809.4
    163.0    826.7
    758.8    382.5
    924.5    709.5
    440.8   1257.5
    249.1   1066.3
   1241.8    203.7
    432.5   1071.9
    872.2   1123.0
    704.9   1034.1
    291.1    864.3
    469.6    970.0
   1237.2    954.0
    661.2    937.3
     83.8    384.2
    336.0    153.0
    664.3    197.4
    826.8   1107.9
    110.7    479.8
    802.2   1138.0
    480.6    621.1
    979.1    654.2
    103.5    847.4
    339.0    463.2
    582.3    758.2
    427.5    584.3
    705.3   1220.4
    394.7    164.7
    556.6    458.9
   1261.6    555.4
    736.2   1259.6
   1059.0    221.8
    493.1   1058.5
    419.1    711.7
    350.5    256.9
   1100.0    981.1
   1025.1   1264.4
   1090.5    888.7
    951.0    960.3
   1097.5    569.8
     54.2   1124.2
    197.0    294.3
     86.7    617.9
     69.9    275.9
    687.8   1148.2
    188.4    968.3
    710.8    826.0
   1309.1    263.9
    942.7    502.8
    822.9    732.4
    619.0   1303.4
   1013.8    552.4
    245.0    590.2
    762.0    863.9
   1254.7    854.8
    931.0   1103.0
    511.8    897.6
    913.2    423.5
    428.5    943.9
   1258.7    911.3
    209.8    720.8
   1004.0    456.9
   1286.6    745.3
    467.4   1297.0
    406.0   1089.4
    189.1   1290.2
    622.5    396.4
   1263.5   1197.3
    846.5    302.8
   1182.2    896.0
    937.7   1289.1
   1051.9    704.2
    237.4     29.6
    714.0    558.5
    964.4    899.7
     57.1   1219.3
    820.2    508.8
     72.0    681.4
    162.7   1203.7
    298.4    487.2
    363.5    197.9
   1066.7   1091.1
    690.7    334.3
    702.2    741.1
    224.8    443.4
    631.6   1185.8
    344.1   1105.2
    664.9    652.0
    231.5    359.0
   1257.2    332.8
    731.5    333.0
    455.3   1153.6
     82.9    821.7
    761.8   1295.7
    104.5   1086.5
    749.8    902.9
    994.4    244.7
   1239.3     51.6
    272.0    391.5
    641.5    435.9
    962.7    125.3
    124.1    334.0
    665.5   1089.7
    697.3     51.3
    259.8    754.2
    879.6    252.6
    918.9    633.9
    398.0    901.9
   1136.9    825.7
    292.0    319.9
   1196.7    539.9
   1103.9    521.4
    787.6    252.4
     60.8   1055.7
    309.2    519.3
    790.6    125.6
    797.9    577.0
    414.0    861.1
   1274.6   1077.9
   1111.1    283.6
    493.3    144.3
   1004.2    586.8
    730.1    274.0
   1218.4    340.7
    519.2    560.6
    386.6    622.3
   1012.2   1133.5
    680.7   1053.4
   1296.4   1134.2
    946.6    169.3
    541.1    516.5
    788.0   1278.4
    858.1    766.0
   1180.5    724.8
    275.0     36.9
    411.5    324.2
    568.9   1188.4
    771.0    566.3
    631.9   1111.8
    814.8    842.3
    167.0   1078.5
    275.7   1260.2
    711.7    392.9
    690.2    888.2
   1284.7    652.6
   1209.0    687.5
    810.3     79.2
    773.0    951.7
   1195.1    387.6
    533.0   1299.3
    516.1    244.4
   1196.2   1146.0
    188.5     40.1
    971.5   1083.4
    413.8    745.1
   1012.2    350.3
   1077.1    863.4
    433.1    360.6
    739.2    677.5
    983.3   1118.2
    556.2   1044.7
    391.4    698.7
    442.4   1028.6
   1213.7   1106.6
    586.9    349.8
    507.4    989.9
    365.7    290.6
    337.8    805.3
    891.3    645.0
   1093.1    791.1
   1247.5   1307.8
    762.0   1103.3
    588.7    255.5
    340.2    330.2
   1110.6    919.7
    711.0    995.2
    924.9   1151.3
   1206.8   1077.1
     79.1    513.8
    462.1    565.1
    897.2   1236.3
    756.8    186.1
   1275.1   1237.8
   1088.9   1064.9
    983.7   1229.5
    904.8    302.9
    408.4   1130.8
    482.1    246.0
    829.6   1229.2
   1181.9    296.7
   1237.3    507.0
    896.1    926.6
   1209.6    908.2
    971.1    595.4
    671.0    600.5
    479.6    841.7
    609.0   1019.6
    393.5   1012.2
    984.7   1000.4
    598.7     58.8
    953.0    859.1
    333.7    987.1
    942.6    736.8
    402.9   1208.2
    826.0    241.7
    140.4    560.1
    985.1    336.1
    895.7     33.7
   1047.8    565.5
   1076.5    512.3
    262.7    935.6
    230.8    100.0
   1176.5    591.3
   1099.0   1280.4
   1292.7    468.3
    507.9    869.7
    264.6    656.4
    276.9    822.3
    639.6    576.8
    169.7    317.5
    595.0    626.0
    272.4     84.1
    833.5   1017.0
    237.9    493.8
    480.0    399.9
    620.1    695.6
    921.8    955.3
    312.4   1294.5
    517.9    784.8
    657.0   1161.2
    805.4    668.4
    818.5    804.1
    675.0    508.0
    785.3    761.5
     58.2    966.5
    339.5    110.3
    255.5    185.9
    829.2    478.6
    167.0   1263.0
     95.3    591.0
    426.1    645.5
    135.4    989.3
    138.9   1103.8
    640.5    524.4
   1064.9   1039.7
    831.5    153.1
    374.4   1120.1
     44.1    350.3
   1035.8    380.9
    412.0   1049.0
   1046.8    636.9
    605.3   1174.9
    891.0    224.6
     39.1     40.9
   1146.5    730.9
   1062.2    394.6
    380.3    587.4
    776.5    716.2
    214.6    630.9
    292.7    640.8
    641.9    859.7
    677.5    968.8
    135.1    194.4
    710.8    610.9
    587.1    662.9
    728.5    122.2
   1051.2     34.9
    807.6     48.3
   1074.4    750.2
    788.3   1065.1
    685.0   1287.3
    795.8    625.3
   1214.9    745.5
   1133.3   1274.7
    898.1   1096.5
    627.4    947.4
   1306.0    568.3
    319.8    680.2
    307.2    973.2
    453.4    325.6
    822.6    638.9
    383.3   1179.8
    878.8   1262.9
    204.8    264.5
   1159.6    543.6
    929.4     20.6
   1227.0    383.6
    680.9    702.2
   1303.5    996.1
    242.6   1208.9
   1165.5    672.0
   1102.8   1201.1
    598.8    411.3
   1171.9    258.5
    738.3    542.3
    419.9    681.1
    518.8    425.4
   1232.9    642.1
    823.8    285.2
   1204.2   1272.5

# vim:ft=conf
