# 1000 nos mesh — posicoes lista (seed=601)

ns3::ListPositionAllocator
      0.0      0.0
    374.5   1063.7
   1371.1    220.6
   1362.1    936.5
   1614.0   1546.1
    678.9   1244.8
   1113.6    982.3
   1247.8   1285.0
    462.9    615.2
   1043.7    738.9
   1327.0    431.4
    460.8    838.4
    105.0   1352.0
    475.2     24.6
   1259.1    740.0
    951.1    370.4
   1140.5    918.2
    139.0   1295.6
    207.3   1217.7
   1139.0    846.9
    415.1   1700.4
   1855.9   1219.7
   1476.3    624.4
   1742.1    819.2
   1166.4    648.5
   1280.9    527.7
   1752.0   1755.9
    390.2    564.7
   1452.2   1041.3
   1530.6   1495.5
   1003.0    272.7
    925.3    848.1
    936.4     29.7
   1074.6    443.4
    405.2   1000.3
    923.5   1414.3
   1298.5   1805.8
   1096.3    568.9
   1381.6    375.8
    397.9    705.1
    986.0   1628.6
   1397.0   1142.1
    285.7   1162.0
    994.5    458.4
     90.1   1264.0
   1652.8   1403.4
    697.1    393.1
     81.4   1472.2
   1571.5    689.0
   1340.7   1232.7
   1839.0    975.2
   1354.2   1620.7
   1669.7    396.6
   1227.7   1553.8
    992.1    703.7
    445.0    727.2
    838.8    422.3
   1624.9     77.7
   1100.4    517.5
   1140.7    297.1
   1646.2    415.3
   1481.6    591.6
   1306.2    789.7
   1460.5   1738.8
    495.4    493.1
   1754.5    200.4
    689.5   1611.1
   1459.8   1202.8
   1223.2    453.9
   1698.5    266.1
    567.1    964.4
    494.8    439.3
    757.4    455.6
    620.7   1674.9
    776.4   1439.7
   1256.5   1228.8
    959.0    962.9
    703.1   1294.5
   1052.8    305.7
   1230.4    823.0
    837.0   1182.7
   1254.5    171.5
   1800.3    757.3
    104.6     98.0
    320.0    329.7
   1286.5   1128.9
   1167.4    506.3
    754.6   1790.5
     81.3   1536.5
   1383.6    637.0
   1653.2   1031.2
   1465.1   1105.2
    820.2   1127.2
   1029.2   1739.8
   1729.6    301.8
   1149.8   1158.1
    361.2    648.9
   1442.8    900.9
    589.5    246.3
   1257.1     82.2
   1516.5    936.0
   1294.3   1556.5
    933.2    713.5
    531.0    289.9
   1792.8   1346.7
    459.9    253.2
   1359.5    356.2
    917.5    672.4
    278.6   1628.1
    791.4    831.1
   1476.5    443.7
   1026.9   1548.2
   1546.4   1710.7
   1844.8   1770.3
    800.1   1546.6
   1113.0    621.5
   1674.1   1782.4
    722.1   1230.0
   1561.4   1792.4
    390.8   1440.0
    900.5    975.0
   1404.5    227.2
     45.7    904.5
    896.2   1563.3
    430.4   1123.8
    250.4    325.6
    130.2    213.8
     48.7    120.9
   1084.2   1079.5
   1217.3   1064.5
   1434.7   1220.0
   1125.2   1538.5
    904.1    394.5
   1168.3    436.2
    938.2    310.2
    955.9   1843.4
    170.4   1699.4
   1105.8    362.4
   1785.4    675.6
    718.0   1703.6
    354.6     40.9
   1570.6   1128.3
     81.9    392.3
   1154.8   1507.5
    497.1    920.0
   1690.2   1758.9
   1556.0     49.7
   1613.8   1467.5
     50.8    569.7
    807.7    797.2
   1303.5    503.7
   1269.6   1625.9
   1850.6   1475.3
    101.0    214.3
    761.3   1826.1
    372.4   1679.1
   1412.5   1709.4
   1271.8    265.0
   1168.9   1100.4
   1661.8    995.2
    261.3    771.3
   1538.8   1356.1
    158.5   1103.7
   1601.0    622.8
   1526.0    427.3
   1527.2    798.3
    582.4     85.2
   1401.1   1592.2
   1642.0    631.2
    192.9   1630.6
    464.5   1513.2
   1292.0   1169.5
    835.1     96.2
   1498.1     28.7
    899.6    128.1
    765.0    310.9
    849.2   1280.8
    591.3   1132.2
   1819.6   1326.2
   1713.1    703.3
    222.8    275.3
    675.2    160.2
    365.4    861.1
   1607.2    112.1
    613.9   1488.2
    557.7    392.6
   1100.5   1592.1
    122.4   1504.5
    278.9   1515.2
    931.1   1761.7
    177.5   1412.2
     33.3   1112.7
   1759.2    628.4
   1480.3    300.5
    795.2    430.2
    980.0   1554.8
   1011.0   1388.3
   1130.9   1671.4
    149.3   1661.2
    137.9    680.1
   1709.4    514.7
    758.4    868.3
    340.0   1779.3
    277.9   1813.1
   1803.4   1780.8
    804.0   1850.6
   1009.0    122.6
    723.6    322.8
    310.4   1679.7
     93.6   1117.7
    994.9    196.8
    317.9    662.5
   1129.2   1836.3
   1470.9    497.8
   1594.3   1363.0
   1699.2    753.2
    923.1    199.4
   1297.4    575.4
   1593.9    304.2
    306.8    131.0
    127.1   1108.6
    655.4    634.9
   1598.1   1194.5
   1205.9    379.7
    630.8    438.8
   1645.7    742.3
    659.2   1343.0
    316.2   1273.1
   1195.4   1599.9
   1166.5    715.7
    491.1   1251.4
    244.1    135.7
   1087.9   1532.4
   1222.9     49.2
    230.7   1521.4
    514.8     61.5
   1315.7    354.2
   1083.8   1565.3
    610.7    830.5
    683.3    326.0
     94.1    698.0
     94.1    478.3
    953.5     56.1
   1399.0    791.6
    612.7    206.8
   1230.8   1748.8
   1069.9   1279.5
   1629.6   1232.9
   1437.2    157.1
   1821.7    448.3
    956.7    242.1
    891.1    474.6
   1423.2   1391.5
    242.0    592.9
   1838.3   1440.3
    524.6    450.9
   1505.8   1569.9
   1764.1   1511.3
    263.1    485.3
    460.4   1383.3
   1398.2     48.1
    569.6    775.1
    474.8   1589.3
    588.4    177.5
    812.7   1473.7
   1580.8   1096.7
   1554.5    824.8
   1436.8     20.8
    745.9     56.1
   1767.7   1122.0
    125.8    816.4
    918.8   1623.5
   1330.3   1695.4
    586.6    812.0
    660.5    257.5
   1038.4    404.4
    636.8   1304.9
    317.5    968.0
   1355.1    687.8
   1773.1    853.8
    837.4   1095.2
    168.4    199.9
    475.8    106.4
   1575.8    938.4
    618.5   1219.5
   1228.7    151.8
    621.8   1142.2
   1702.6    814.2
    678.8    908.4
    669.6   1430.5
   1491.6    668.5
    518.9    897.7
    677.8   1181.1
   1084.6    315.0
    467.4    649.7
    823.1   1004.5
    567.0    135.1
   1246.3    571.5
    535.3   1409.2
   1456.8   1674.2
   1617.7    336.6
   1754.9   1230.3
    530.2    764.4
   1265.0   1470.2
   1823.1    118.3
   1205.2    260.7
    701.3   1031.4
   1020.2   1032.5
   1144.4   1745.6
    242.0   1715.0
   1040.3    140.6
   1366.4     31.5
    350.7   1653.0
   1604.5    497.2
    265.2   1205.2
   1852.8    926.0
   1295.3    745.4
   1202.2   1730.5
   1750.7   1078.4
   1225.7    352.1
    975.7   1251.4
   1377.0    114.2
    152.1    107.9
    819.6    971.0
    690.5    963.8
    593.8   1526.7
   1027.0    521.0
   1599.3   1846.2
   1552.1    388.7
   1779.9    228.6
   1420.6    326.0
   1089.5   1456.8
   1089.0   1215.9
   1374.4     68.8
    548.8   1614.4
   1037.7    460.1
   1169.8   1846.3
   1314.0   1487.6
   1577.7   1242.4
    925.1   1233.4
    811.3   1515.0
    185.2   1286.6
    728.5   1565.6
   1461.2   1145.4
   1504.5    457.2
   1058.3   1492.6
   1678.7   1271.8
    875.2     52.6
    295.0    894.2
     58.3   1818.7
    204.9    311.3
   1405.8   1289.5
    687.8   1649.1
   1530.0   1290.5
   1371.2    442.5
   1616.0   1066.3
    497.8    847.2
    382.1   1099.3
    165.4    790.4
    366.1    245.4
   1140.7   1002.3
    146.6    180.1
   1080.6    145.6
    380.0    392.2
   1203.8    869.1
    117.5    939.3
   1267.0    852.4
   1592.3   1696.5
     97.3    666.5
    134.9   1154.4
   1056.9    973.0
   1406.4   1016.4
    316.4    501.4
   1366.9    971.3
    220.2   1761.9
    794.9   1773.4
    451.8    468.0
   1438.0    252.8
    971.5   1472.8
    127.7    740.0
    767.9    229.6
    172.2    130.8
    845.3    368.7
   1004.0    352.5
   1604.1   1588.6
   1379.2   1229.4
   1838.3    279.2
    308.4    100.1
   1103.6     61.6
     98.6   1652.5
   1360.7   1539.3
    357.6    411.4
    413.4    761.9
    755.1    523.9
    597.1   1659.4
    214.6    990.4
   1706.1    408.0
   1168.7    383.5
   1396.8    952.4
    353.7   1274.5
   1126.4    441.3
   1427.9    946.7
    417.0    464.4
   1215.7    685.7
   1377.1    173.0
    549.6   1028.1
     59.2   1128.0
   1193.3    229.3
   1270.9   1830.2
   1788.5   1416.9
    578.6   1502.9
   1247.2   1033.7
    338.5    899.5
   1292.7    647.1
   1576.9   1271.1
    337.4    278.8
    971.4   1120.4
   1313.7    282.4
   1147.4    552.3
    914.9    777.0
   1221.4    652.3
     38.8   1240.9
     55.9     60.8
    775.7   1580.9
   1028.6    594.4
    373.0   1543.1
    397.7   1816.2
    154.7    618.7
   1032.2    879.9
    314.0    598.4
   1686.1    347.0
   1512.2    582.4
    621.8   1189.4
   1066.6    810.3
    466.8   1138.2
    116.9   1395.5
   1756.5    403.9
    993.0   1828.8
   1083.5    494.7
    626.7    493.1
   1800.4   1843.3
    816.9     62.6
   1154.1    195.8
    659.7   1835.4
    496.3    963.6
   1820.6   1809.7
    320.5    869.2
   1661.3   1660.3
   1325.0    895.6
    653.4    483.7
    176.2    886.2
   1138.3   1310.6
     63.3   1413.8
    464.3    693.4
   1217.2   1628.3
    981.1   1718.0
    159.3   1193.9
    730.4    407.4
   1672.0    950.6
   1462.6   1591.5
    632.9   1538.4
   1607.2    275.7
    369.5   1390.5
   1123.3   1627.9
    589.1    596.7
    621.9    136.3
    792.5    209.3
    744.1    645.9
    360.4    734.3
    535.5    479.2
    478.1   1164.6
    158.4   1262.0
   1503.4    397.5
    836.0    768.7
   1445.3   1443.9
    131.8   1218.1
   1501.2   1813.3
    719.9   1498.4
     62.2    271.6
   1642.2    854.9
   1280.6   1595.5
     32.5   1683.4
   1530.0   1755.0
   1750.9    111.1
    946.1   1579.9
    594.8    701.7
    177.7    635.8
   1568.8   1727.8
   1101.2   1320.9
     85.0   1626.2
   1325.3     37.1
    604.2     54.8
    668.6    415.5
    671.4   1679.4
   1374.9   1284.1
   1859.9    577.3
   1347.3   1382.4
    130.4    554.4
    738.4   1363.5
    661.3    990.1
   1167.9   1380.8
   1306.1   1530.0
   1824.7    853.8
   1680.6    577.5
   1417.1    287.0
   1490.1    177.2
    743.6   1531.2
    269.3    603.3
    431.7    558.2
   1407.7   1804.5
    548.8    107.6
    788.5    890.6
   1134.2    525.7
     49.1   1708.4
    176.4    668.3
   1836.0   1856.8
   1652.2   1364.2
   1362.9    261.2
    645.9    101.1
    504.7    247.1
   1061.8   1162.6
    639.0    820.1
   1113.8   1288.0
   1021.7    706.6
   1518.5    768.2
   1577.4    988.3
    200.1    705.1
   1089.8    114.6
   1038.6    198.8
   1188.6   1526.7
   1017.8    995.9
   1264.2   1076.2
    765.0   1268.4
    184.5   1775.5
   1345.7   1772.5
   1222.5   1806.7
   1344.0    186.5
    200.4   1112.8
   1345.7   1156.9
   1616.5    196.9
   1079.2    928.1
   1321.1    652.3
    225.2    911.3
    396.6    225.3
    943.8    795.0
    272.9    233.1
   1759.7   1698.4
    405.3    653.6
    615.3   1084.4
   1259.9   1005.0
    583.5   1294.8
   1136.5    600.2
    617.4   1566.5
    264.5   1841.2
    467.6   1845.7
   1144.1     93.6
   1264.4   1177.3
     25.5   1013.8
    655.3    844.1
    500.3   1043.8
   1727.8   1539.8
    265.4    115.9
    129.2   1610.8
   1500.9    724.5
    401.9    275.1
   1373.5    731.2
   1587.8     75.9
    910.6    424.6
    815.5   1249.5
   1536.2    735.1
    827.6    868.8
   1146.9    958.9
    543.9   1677.4
   1434.1    796.9
    906.5    509.2
     26.4   1807.2
     39.9    860.5
   1254.8    432.1
    741.3    724.0
   1647.1     39.8
    987.7   1350.5
   1339.2    217.1
   1173.6    935.7
   1684.6     64.5
    164.7   1486.5
    691.6    234.4
   1142.6   1057.2
    259.3    663.4
   1437.4   1304.1
   1603.6   1164.4
    280.0    682.9
   1702.4    377.4
   1163.7   1411.1
    303.5   1548.4
    921.8   1179.5
   1551.6   1849.9
   1352.4    642.6
   1513.8    364.2
    876.6    699.5
   1232.1     97.9
    132.3    313.5
    309.9   1354.7
   1443.5    381.1
   1798.1   1571.6
     32.4   1376.1
   1363.9   1676.7
    187.9    462.9
    308.2   1458.3
   1568.3    879.5
    239.3     79.5
    848.0    193.9
   1492.1   1671.1
    256.4   1468.3
   1858.1    340.0
   1719.3     30.0
    309.9    441.5
   1363.4    833.3
   1819.8    913.5
    931.8   1500.9
    424.5   1393.9
    923.3   1460.5
   1036.2   1184.1
    883.2   1721.2
    958.4   1610.3
   1180.0    546.3
    506.7   1710.6
    274.1   1020.0
    263.7    269.5
    265.9    736.9
    778.2    141.9
    556.8    685.6
   1169.6   1465.8
    864.8    821.7
   1722.6   1611.3
    794.4   1090.3
    168.9   1555.7
   1349.1   1192.7
    371.9   1239.4
   1134.9   1203.8
    186.4    256.9
   1221.1    904.2
    778.5    951.7
   1615.6    567.5
    975.3    409.9
   1138.6    329.6
    203.1   1044.6
    562.9    313.9
   1213.9   1213.6
   1175.1    612.1
    399.9    108.9
    929.1    979.4
   1100.8    687.5
   1844.8    892.5
   1643.3    600.3
    133.7   1021.0
   1020.1    233.9
    427.8   1726.8
   1658.4   1448.8
    543.5   1798.2
     74.3    357.6
   1218.1   1371.3
    530.0   1577.8
   1805.6   1616.0
    711.8    828.9
   1640.1   1834.4
   1365.4    325.0
    202.0   1577.1
    712.1    189.0
   1273.1    336.2
    200.6   1545.1
    817.9   1377.9
    467.7    802.7
   1489.0   1027.0
   1614.5    945.3
   1336.2   1025.0
   1374.0   1396.7
     26.0    241.1
   1755.0   1335.2
    416.7   1334.7
   1657.2   1694.6
   1450.9    733.5
   1027.1   1250.0
   1215.7   1687.3
   1389.4   1626.7
    426.9   1822.2
    326.2    552.8
    840.7    714.7
   1675.2   1225.8
   1002.3   1784.0
    324.5   1009.6
    219.2    184.8
    946.3   1733.1
   1195.0   1186.3
    281.2   1437.3
   1410.7    703.2
   1067.3   1713.0
   1127.3    737.2
    563.7   1350.5
   1233.7    399.5
    542.3    345.3
   1739.4   1419.5
    845.9    603.5
   1081.6   1044.7
     86.1   1014.5
   1521.2   1440.4
    368.8     65.3
   1708.2    615.0
    991.9    844.6
    884.8   1421.8
   1017.6    956.9
   1138.6    655.3
    449.1   1074.4
   1114.3   1027.8
   1632.8    814.7
   1253.2    468.7
    398.7    336.5
    244.2    398.7
   1048.9   1608.9
    493.7   1076.2
    357.3    116.1
   1302.5    168.5
   1703.7    879.0
   1747.8    719.8
   1564.5    419.6
    828.1    254.0
   1296.7   1267.5
   1825.2   1535.9
   1009.1   1134.3
   1315.6    928.3
    386.5    596.0
   1133.6   1411.1
   1539.8   1812.0
   1003.7    672.7
    682.4     60.3
     26.4   1729.9
    227.5   1187.7
    371.6    519.4
   1852.6    533.6
    791.3   1359.9
   1624.9   1202.5
   1784.4    953.1
    895.9    944.1
   1817.2    317.4
    561.5    250.3
    354.8   1807.1
    667.0   1744.7
   1428.5   1830.9
   1425.0    987.9
    893.1    621.3
    626.8    767.4
    186.5   1661.7
   1231.8    968.7
   1204.2    136.6
    227.2   1333.5
    146.9    362.7
    155.6    263.1
   1648.2   1289.1
     86.3    293.5
   1718.3    235.1
    913.2     49.8
   1224.7    501.6
   1464.7    931.2
    978.9   1196.9
    647.1   1263.0
    263.9   1260.2
    171.6    825.6
    646.0   1058.1
   1516.2   1596.9
   1172.9   1297.7
    215.8   1420.9
    961.4   1001.8
    238.9    873.7
   1371.5   1726.2
    373.4    958.9
    390.4    473.3
   1211.0    995.2
    145.6   1340.2
   1668.5    674.0
    203.8     64.3
    929.2   1794.7
    333.0   1043.8
   1687.9   1568.5
     24.1    654.8
    158.4   1451.0
    746.2   1110.5
    235.5   1549.8
    523.9     31.3
    881.5   1230.0
   1542.2   1228.3
   1074.0    859.2
    256.7   1356.2
    577.6    444.0
   1190.5   1672.8
   1217.3    559.4
    144.0   1781.6
   1310.1   1642.3
   1283.1    601.1
    580.1   1718.4
   1593.9   1489.5
    211.9   1474.0
    939.3    555.3
   1187.1   1811.2
   1627.9   1327.8
   1489.1   1261.8
    264.3    352.2
   1111.9   1772.5
    173.0   1075.9
    564.5   1150.3
    427.8    528.6
     95.5   1713.9
   1475.1   1293.2
   1354.9   1423.8
    413.1   1302.3
   1664.1    175.5
   1123.5    877.9
   1182.0    888.6
    844.6    506.6
   1034.1   1098.2
   1285.4     35.8
    729.3   1414.6
    596.8    764.0
    149.3   1404.5
    982.2    898.2
   1121.9   1573.0
   1093.9   1622.9
   1057.3    776.7
    730.4    160.5
    320.4   1197.4
    991.5    788.8
   1819.6   1134.2
    749.4    817.0
    883.0    151.4
   1765.7    353.4
    703.9    895.7
   1152.2    808.6
   1095.2    242.9
    879.8   1488.3
   1195.7    463.1
   1723.5   1045.5
    475.3   1654.7
   1048.9    242.4
   1396.0    414.5
    658.0   1500.7
    327.9   1714.5
    727.2   1746.2
   1833.9     53.8
   1466.1     34.3
   1668.4   1154.6
    781.9    556.2
    406.6     37.6
   1281.7    393.1
    453.7   1104.7
   1302.9   1094.1
   1675.3   1079.5
    524.1    509.3
    257.8    706.2
   1128.6    236.2
    709.6    785.0
   1440.5   1648.3
    957.5    624.3
   1617.1    732.9
   1420.1    398.1
     96.1   1151.0
   1652.3    332.9
    365.8   1032.4
   1845.3   1829.3
   1759.0    153.6
    602.5    284.4
   1589.2   1520.8
    277.8   1329.3
    844.1    568.6
    402.0    172.5
     74.3    198.2
    462.0    167.5
    379.9   1625.0
   1607.0   1779.7
   1843.0    506.9
   1602.8    906.3
    780.2    678.2
    571.2    912.5
   1565.6   1016.5
    162.1   1377.7
    780.6   1615.3
    231.0    629.7
    361.3   1744.4
    675.2    663.0
   1721.6    584.6
   1295.5     80.9
    114.7    405.0
     86.3    979.6
     91.5   1043.2
    620.9   1638.7
   1705.1   1292.7
    917.3   1703.1
     86.9    146.1
    830.1     36.1
   1621.7    383.4
   1034.4     37.2
   1188.3    296.4
    342.7   1434.3
    525.2    581.5
    758.0   1044.9
    113.7    776.4
    989.5    157.7
    500.6   1565.1
    675.6   1136.2
     20.5    410.6
    155.5    518.0
    374.0    439.8
    954.1    117.6
     99.5    891.9
   1448.6    601.3
    433.0    209.0
   1462.4   1781.4
    951.0   1214.1
    708.6    260.9
    664.4    775.2
    644.4   1781.0
    709.0    503.2
    447.6    928.2
    982.9    534.5
    740.8   1853.1
    273.8    154.2
   1781.4    779.1
    166.5   1611.7
   1138.4    702.8
    909.7     83.0
    690.5   1710.5
    907.5    724.8
     26.1    475.6
     66.8   1288.4
    942.1   1294.5
    378.1    309.9
   1859.9    680.5
   1856.3    444.4
   1740.8    921.7
   1533.6    860.6
   1710.8    665.1
   1134.2   1134.4
    381.6    919.8
   1505.8   1391.3
    328.2    629.1
    176.5     91.9
    596.9   1031.3
   1504.0   1341.7
   1809.2    211.2
   1755.0    437.7
   1233.4    764.3
   1834.0    820.0
    630.1   1349.7
    303.9    411.8
   1397.1   1482.5
   1193.3   1770.6
   1684.3   1479.0
    288.2    334.7
    845.3   1423.0
   1236.6   1859.9
    130.0   1742.2
    417.5   1618.0
   1465.0    245.2
    202.6    587.6
   1254.5   1509.5
    179.0   1829.4
    648.0    388.1
    780.2    919.2
   1007.4   1683.6
    301.0   1586.1
    814.2   1410.0
    157.7    432.4
    914.1    325.0
   1478.1   1181.0
   1743.9    474.0
   1543.9    473.8
   1697.8   1645.7
    950.0    182.1
    383.2   1141.3
    111.7   1186.8
    832.9    284.1
   1167.8    784.8
   1695.2   1358.4
   1562.9   1566.4
    466.0    873.7
   1532.2   1047.0
    279.5    198.3
   1789.0    169.1
    847.7   1680.5
   1511.8   1713.6
    530.7    411.1
    453.7   1435.2
    118.7    713.4
   1690.6   1011.9
    521.2    944.8
     27.0   1630.9
    949.1    444.4
   1579.1    381.4
   1832.0    190.8
   1063.9     64.0
   1128.1   1453.9
    856.8    453.1
    781.0   1309.6

# vim:ft=conf
