# app_connect_id = 10
# connect_stmt_id = 9
# tags_tx = file9-srv
# tag_rx = file9-cl
198751415 536
198754595 1072
198765377 1608
198768582 2144
198776320 2680
198785059 3216
198829019 3752
198858049 4288
198861149 4824
198864372 5360
198869866 5896
198876757 6432
198884692 6968
198944066 7504
198950364 8040
198969224 8576
198978666 9112
198989825 9648
199013896 10184
199029258 10720
199058446 11256
199073629 11792
199157835 12328
199188382 12864
199202572 13400
199233715 13936
199241063 14472
199331678 15008
199346708 15544
199392203 16080
199393216 16616
199396994 17152
199405043 17688
199408495 18224
218381068 20368
237420253 20904
237459699 21440
237479021 21976
237534020 26264
237583075 26800
237640451 27336
237656836 27872
237717643 28408
237751871 28944
237752448 29480
237777901 30016
237829591 30552
237840765 31088
237841342 31624
237877624 36984
256950797 37520
256986312 38056
257012025 53064
257048163 53600
257103134 54136
257121830 54672
257147301 55208
257163217 55744
257190100 56280
257232321 56816
257233510 57352
257254312 57888
257279910 58424
257301158 58960
257319694 59496
257353504 60032
257382619 60568
257411924 61104
257432838 61640
257448263 62176
258635468 62712
258670924 63248
258695382 63784
258738144 64320
258755867 64856
258802167 65392
258809369 65928
258861111 66464
258878164 67000
258921132 69144
258938255 69680
258981741 70216
259020454 70752
261304702 71288
261317823 71824
261340282 72360
261360446 72896
261383238 73432
261422032 73968
261468291 74504
261471365 75040
261501495 75576
261529302 76112
261545993 76648
261574317 77184
261604928 77720
261622832 78256
261661630 78792
261679338 79328
261704091 79864
261742760 80400
261772431 80936
261778667 81472
261811732 82008
261826025 82544
261853954 83080
261885465 83616
261890812 84152
261899867 84688
261914309 85224
261932148 85760
261979112 86296
262013939 86832
262041189 87368
262044475 87904
262057692 88440
263066119 88976
263087750 89512
263108196 90048
263123705 90584
263140462 91120
263152775 91656
263172903 92192
263183962 92728
263201518 93264
263232660 93800
263246489 94336
263263234 94872
263280820 95408
263338657 95944
263380733 96480
263389489 97016
263401149 97552
263415336 98088
263441376 98624
263507972 99160
264560721 99696
264581311 100232
264599450 100768
264623835 101304
264639961 101840
264674974 102376
264694234 102912
264729921 103448
264756214 103984
264773156 104520
264789880 105056
264858304 105592
264897669 106128
264905771 106664
264920582 107200
264948284 107736
264967521 108272
264997338 108808
266287462 109344
267731718 109880
267966637 110416
267980079 110952
268009998 111488
268029172 112024
268062295 112560
268078673 113096
268122613 113632
268127470 114168
268143248 114704
268162767 115240
268192222 115776
268216186 116312
268258796 116848
268263780 117384
268278600 117920
268298925 118456
268322118 118992
268341442 119528
268391106 120064
268397685 120600
268416973 121136
268437181 121672
268458700 122208
268474019 122744
268549149 123280
268558113 123816
268586530 124352
269526795 124888
269759384 125424
269774545 125960
269804395 126496
269819676 127032
269841538 127568
269854803 128104
269895002 128640
269901571 129176
269912276 129712
269935737 130248
269974471 130784
269984677 131320
269997060 131856
270033366 132392
270050187 132928
270090618 133464
270112785 134000
270145655 134536
270191577 135072
270201385 135608
270237885 136144
270249870 136680
270265232 137216
270290169 137752
270339402 138288
270341708 138824
270370570 139360
270413550 139896
270430540 140432
270434353 140968
270543482 141504
270561631 142040
271534825 142576
271752119 143112
271764867 143648
271772174 144184
271971595 144720
272004433 145256
272043716 145792
272046607 146328
272050253 146864
279015585 147400
279238328 147936
279252172 148472
279274552 149008
279287814 149544
279311306 150080
279316966 150616
279328431 151152
279341789 151688
279356796 152224
279365626 152760
279382545 153296
279391379 153832
279426756 154368
279431961 154904
279453831 155440
279458363 155976
279472826 156512
279477925 157048
279493089 157584
279512161 158120
279519520 158656
279538098 159192
279551867 159728
279568646 160264
279580082 160800
279591945 161336
279602082 161872
279632067 162408
279655695 162944
279662159 163480
279681613 164016
279690854 164552
279717918 165088
279753626 165624
279775770 166160
279778397 166696
279799960 167232
279829502 167768
279868034 168304
279872866 168840
279919796 169376
279925394 169912
279945826 170448
279947851 170984
279957766 171520
279978723 172056
280012709 172592
280026965 173128
281098831 173664
281131490 174200
281142258 174736
281164499 175272
281181224 175808
281195620 176344
281206647 176880
281256007 177416
281274682 177952
281276207 178488
281306620 179024
281331275 179560
281344424 180096
281353672 180632
281399308 181168
281411360 181704
281431945 182240
281434667 182776
281445882 183312
281459671 183848
281489395 184384
281504103 184920
296528869 185456
296536585 185992
296550029 186528
296561266 187064
296577764 187600
296590737 188136
296606084 188672
296614978 189208
296637470 189744
296651106 190280
296676204 190816
296683645 191352
296708731 191888
296722301 192424
296746383 192960
296757765 193496
296777522 194032
296802599 194568
296816157 195104
296854449 195640
296872025 196176
296901207 196712
296921684 197248
296945450 197784
296991355 198320
297005295 198856
297019073 199392
297065669 199928
297095660 200464
297102542 201000
298339960 201536
298360081 202072
298382969 202608
298410965 203144
298433621 203680
298457506 204216
298472368 204752
298533808 205288
298561412 205824
298570289 206360
298588422 206896
298612564 207432
298646124 207968
298664848 208504
298747988 209040
298752001 209576
298762178 210112
298762634 210648
298826951 211184
298839483 211720
298858703 212256
298859048 212792
298906730 213328
298916224 213864
298922740 214400
298936186 214936
298958379 215472
298978902 216008
298997863 216544
299068325 217080
299082138 217616
299084210 218152
299087911 218688
299113222 219224
299151299 219760
300232247 220296
300261370 220832
300290299 221368
300326751 221904
300359306 222440
300371400 222976
300390232 223512
300403856 224048
300418051 224584
300448468 225120
300492481 225656
300548912 226192
300555061 226728
300573911 227264
300613839 227800
300904348 232088
300953687 232624
300968659 233160
300993094 233696
302014887 234232
302069553 234768
302086940 235304
302089123 235840
302138740 236376
302142017 236912
302161242 237448
302184037 237984
302201629 238520
302215950 239056
302233418 239592
303482341 240128
303706447 240664
303719629 241200
303741886 241736
303756827 242272
303779801 242808
303792968 243344
303818864 243880
303822861 244416
303832162 244952
303873877 245488
303904661 246024
303906710 246560
303919013 247096
303935761 247632
303957880 248168
303987506 248704
303995255 249240
304017656 249776
304040159 250312
304062250 250848
304082411 251384
304113185 251920
304141828 252456
304190482 252992
304215446 253528
304227246 254064
304251878 254600
304300613 255136
304333612 255672
304338710 256208
304375568 256744
304396349 257280
304421685 257816
304466115 258352
304496949 258888
304497446 259424
307566494 259960
307588873 260496
307607205 261032
307623794 261568
307641857 262104
307661609 262640
307710567 263176
307720395 263712
307756894 264248
307765249 264784
307786869 265320
307800494 265856
307820866 266392
307854367 266928
307878062 267464
307925955 268000
307986427 268536
307988855 269072
307995548 269608
308008792 270144
308030396 270680
308071162 271216
309129819 271752
309145557 272288
309163972 272824
309183206 273360
309215101 273896
309234431 274432
309301899 274968
309309178 275504
309329018 276040
309336652 276576
309361606 277112
309640187 282472
309660844 283008
309666620 283544
309674205 284080
309699216 284616
309764242 285152
309771896 285688
309777872 286224
309791177 286760
309820488 287296
309854677 287832
309868941 288368
309881669 288904
309896892 289440
309940812 289976
309967820 290512
309968256 291048
310013866 291584
310064494 292120
310066867 292656
310088639 293192
311343925 293728
311360943 294264
311407251 294800
311419922 295336
311445198 295872
311486604 296408
311519937 296944
311526539 297480
311540330 298016
311561288 298552
312756402 299088
312773655 299624
312817975 300160
312831435 300696
312839455 301232
312850630 301768
312878445 302304
312896809 302840
312930436 303376
312942047 303912
312995999 304448
313003803 304984
313005542 305520
313021947 306056
313058618 306592
313075055 307128
313141795 307664
313146191 308200
313166949 308736
313169626 309272
313174799 309808
313195776 310344
313241834 310880
313251098 311416
313259705 311952
313266462 312488
313317371 313024
313324871 313560
313333624 314096
313359018 314632
313365726 315168
313434945 315704
313455228 316240
313505192 316776
313505628 317312
313508030 317848
313512880 318384
313837220 318920
313863678 319456
313882841 319992
313907992 320528
313923345 321064
313958736 321600
313964009 323744
314001832 324280
314005996 324816
314029519 325352
314039575 325888
314103877 326424
314106398 326960
315096162 327496
315111515 328032
315136790 328568
315164455 329104
315177956 329640
315205255 330176
315212179 330712
315245484 331248
315270733 331784
315274448 332320
315304162 332856
315327946 333392
315388241 333928
315395533 334464
315395940 335000
315422287 335536
315461946 336072
315479549 336608
315531059 337144
315533849 337680
315559579 338216
316173418 338752
316230874 339288
316240496 342504
316265801 343040
316266398 343576
316292224 344112
316360657 344648
316372681 345184
316399064 345720
316459058 346256
316468834 346792
316481634 347328
316494881 347864
317557260 348400
317575370 348936
317598805 349472
317622232 350008
317637773 350544
317652461 351080
317686198 351616
317707027 352152
317734604 352688
317751718 353224
317783709 353760
317801916 354296
317826726 354832
317841327 355368
317872817 355904
317884860 356440
317916475 356976
317926218 357512
317952494 358048
317967719 358584
318022167 359120
318025900 359656
318033618 360192
318069825 360728
318081401 361264
325159745 361800
325178078 362336
325200576 362872
325218404 363408
325267444 363944
325267880 364480
325295804 365016
325308142 365552
325346248 366088
325352720 366624
325358673 367160
325378760 367696
325393884 368232
325402745 368768
325419801 369304
325424186 369840
325432371 370376
325441582 370912
325475603 371448
325496835 371984
325519216 372520
325528664 373056
325545844 373592
325600302 374128
325623256 374664
325662984 375200
325682638 375736
325709309 376272
325727332 376808
325768994 377344
325779676 377880
325808211 378416
325828517 378952
325851996 379488
325869822 380024
325925806 380560
325960696 381096
325964662 381632
326000755 382168
327079679 382704
327091726 383240
327122646 383776
327137772 384312
327156673 384848
327169708 385384
327187660 385920
327203419 386456
327242783 386992
327252627 387528
327260990 388064
327285650 388600
327294092 389136
327308391 389672
327371847 390208
327379189 390744
327398547 391280
327398851 391816
327434294 392352
327445449 392888
327454542 393424
327471300 393960
327524391 394496
327530983 395032
327544770 395568
327559072 396104
327582273 396640
327601790 397176
327649836 397712
327656484 398248
327670420 398784
327686770 399320
327716888 399856
327725557 400392
327747916 400928
327810187 401464
327834051 402000
327838957 402536
327839292 403072
327867364 403608
327885329 404144
327945608 404680
327953732 405216
327981074 405752
327981436 406288
328015048 406824
328020709 407360
328072296 407896
328081104 408432
331893503 408968
332121741 409504
332138672 410040
332164012 410576
332188890 411112
332199608 411648
332222154 412184
332260507 412720
332265405 413256
332275899 413792
332294873 414328
332376808 414864
332381357 415400
332382070 415936
332390731 416472
332411188 417008
332440743 417544
332491365 418080
332500386 418616
332513344 419152
332530241 419688
332544791 420224
332552881 420760
332573267 421296
332637606 421832
332663850 422368
334532374 422904
334588816 423440
334615206 423976
334615843 424512
334692445 425048
334711544 425584
334744328 426120
334744784 426656
334777315 427192
334792195 427728
334816474 428264
334867332 428800
334888990 429336
334932993 429872
334947584 430408
334959541 430944
334965406 431480
334989822 432016
338161265 432552
338173288 433088
338201593 433624
338214359 434160
338233068 434696
338250236 435232
338266631 435768
338279347 436304
338313303 436840
338325399 437376
338356247 437912
338371920 438448
338397633 438984
338400523 439520
338422844 440056
338443015 440592
338472455 441128
338485695 441664
338714906 445416
338768155 445952
338774906 446488
338789956 447024
338807155 447560
338827384 448096
338847407 448632
338868052 449168
338883876 449704
338902504 450240
338942942 450776
338961466 451312
338975382 451848
339027415 452384
339034315 452920
339048092 453456
341615987 453992
341623465 454528
341669656 455064
341686654 455600
341718043 456136
341722255 456672
341757644 457208
341761481 457744
341776728 458280
341790400 458816
341812345 459352
341841556 459888
341857939 460424
341870547 460960
341878675 461496
341888232 462032
341917945 462568
341932345 463104
341971147 463640
341980498 464176
341987242 464712
342011285 465248
342022223 465784
342059806 466320
342069667 466856
342113097 467392
342117364 467928
342184785 468464
342200275 469000
342220053 469536
342244351 470072
342264535 470608
342343433 471144
342355713 471680
342382588 472216
342384030 472752
342430591 473288
342437383 473824
342465002 474360
342520786 474896
342561111 475432
342561515 475968
342569429 476504
342597956 477040
343570966 477576
343586227 478112
343605750 478648
343639450 479184
343657107 479720
343674180 480256
343707747 480792
343713068 481328
343740028 481864
343747181 482400
343765382 482936
343819286 483472
343849860 484008
343855175 484544
343862332 485080
343893005 485616
343904415 486152
343963136 486688
344006694 487224
344013186 487760
344018226 488296
344068414 488832
344085305 489368
344092244 489904
345169267 490440
345181910 490976
345203095 491512
345241540 492048
345309708 492584
345376698 493120
345388661 493656
345405083 494192
345457617 494728
345463747 495264
345469341 495800
345484028 496336
345617866 496872
345625781 497408
345663180 497944
345678319 498480
345694034 499016
345740883 499552
345753423 500088
345767055 500624
345886491 501160
345894726 501696
345916671 502232
345922448 502768
345944231 503304
345957333 503840
346019968 504376
346023295 504912
346023732 505448
346026775 505984
346063183 506520
377154013 507056
377159072 507592
377177715 508128
377182373 508664
377197991 509200
377203838 509736
377215234 510272
377225731 510808
377233081 511344
377243070 511880
377261134 512416
377270892 512952
377294249 513488
377316183 514024
377333402 514560
377347607 515096
377385459 515632
377392646 516168
377417840 516704
377423638 517240
377475548 517776
377482276 518312
377503720 518848
377517507 519384
377532794 519920
377559869 520456
377583399 520992
377592633 521528
377610646 522064
377628749 522600
377649519 523136
377674420 523672
377699296 524208
377715748 524744
377766159 525280
377776227 525816
377819129 526352
377823754 526888
377824178 527424
377836158 527960
377875265 528496
377883600 529032
377909780 529568
377928154 530104
377995552 530640
378009459 531176
378020474 531712
378045367 532248
378088513 532784
378088970 533320
378092458 533856
378145969 534392
378167458 534928
378191998 535464
378286560 536000
378304129 536536
378371648 537072
378372121 537608
378377435 538144
378387416 538680
378474179 539216
378489120 539752
378543003 540288
379632745 540824
379646389 541360
379674162 541896
379689103 542432
379722548 542968
379730096 543504
379744753 544040
379784789 544576
379808373 545112
379826279 545648
379865708 546184
379874263 546720
379929058 547256
379960875 547792
379986065 548328
379991430 548864
379992070 549400
380006326 549936
380037169 550472
380049575 551008
380073951 551544
380094469 552080
380121623 552616
380146576 553152
380197157 553688
380263726 554224
380275986 554760
380305346 555296
380313221 555832
380316338 556368
380349013 556904
380367539 557440
380399081 557976
380418320 558512
380514672 559048
380524087 559584
380555720 560120
380556076 560656
380583993 561192
380586501 561728
383636103 562264
383875246 562800
383887269 563336
383913405 563872
383926882 564408
383948943 564944
383962644 565480
383994987 566016
383999422 566552
384010636 567088
384052130 567624
384059930 568160
384100072 568696
384114771 569232
384118188 569768
384143845 570304
384158665 570840
384227532 571376
384232688 571912
384235807 572448
384245371 572984
384264615 573520
384279195 574056
385628464 574592
385638905 575128
385655149 575664
385656751 576200
385669881 576736
385722598 577272
385740672 577808
385764171 578344
385786947 578880
385802312 579416
385825016 579952
385844243 580488
385865013 581024
385917323 581560
385936768 582096
385939564 582632
386975666 583168
386991636 583704
387010153 584240
387030218 584776
387039425 585312
387070453 585848
387085449 586384
387101624 586920
387111804 587456
387140574 587992
387153946 588528
387206182 589064
387217943 589600
387230119 590136
387253990 590672
387278157 591208
387301291 591744
387326860 592280
387355591 592816
387373574 593352
387390920 593888
387423378 594424
387478869 594960
387487434 595496
387515202 596032
387522495 596568
387558913 597104
387577710 597640
387646034 598176
387658906 598712
387698970 599248
388739410 599784
388751243 600320
388785313 600856
388785677 601392
388804882 601928
388825313 602464
388859736 603000
388876905 603536
388896535 604072
388913174 604608
388948755 605144
388966547 605680
388983721 606216
389005278 606752
389076623 607288
389085988 607824
389095027 608360
389095451 608896
389105585 609432
389128266 609968
389178956 610504
389190983 611040
389197904 611576
389208186 612112
389285026 612648
389287966 613184
389296141 613720
389324393 614256
389364396 614792
389378557 615328
389393401 615864
389440280 616400
389459395 616936
389466712 617472
389522440 618008
389525414 618544
389530146 619080
389568995 619616
389574049 620152
396634613 620688
396658338 621224
397704139 621760
397928528 622296
397946336 622832
397973217 623368
397989142 623904
398013984 624440
398026692 624976
398042788 625512
398058274 626048
398087642 626584
398129368 627120
398142415 627656
398157401 628192
398176788 628728
398195524 629264
398225804 629800
398226369 630336
398253173 630872
398269895 631408
398270320 631944
398276645 632480
398315500 633016
398316037 633552
398344297 634088
398346428 634624
398350801 635160
398364400 635696
398420201 636232
398424239 636768
398428328 637304
398472403 637840
398474738 638376
398493315 638912
399527356 639448
399545837 639984
399573026 640520
399588884 641056
399604304 641592
399620619 642128
399694149 642664
399706730 643200
399707074 643736
399716192 644272
399719538 644808
399734451 645344
399788385 645880
399790336 646416
399852969 646952
399857283 647488
399859654 648024
399864567 648560
399933524 649096
399944118 649632
399944561 650168
399946742 650704
399953567 651240
