ns3::ListPositionAllocator
    940.0    940.0
   1750.6    653.0
    828.6   1781.0
   1732.1    738.6
    836.4   1699.6
   1294.9   1043.4
     39.0   1418.8
   1170.6    647.4
    328.2     25.4
    318.0    275.3
    738.3   1303.7
   1518.2    257.0
   1746.3    814.1
   1285.1   1013.2
   1526.2    539.8
   1128.8    220.7
   1195.3    759.6
   1224.3   1095.5
   1083.4   1672.4
   1789.4    452.2
    260.2   1813.0
    927.2   1441.0
    696.7   1109.5
   1654.2     42.5
    412.5   1170.8
   1008.4   1588.7
   1039.8    553.6
    639.9   1369.7
    334.3   1152.3
    825.8    300.1
   1224.0    233.4
   1653.3   1824.1
   1057.1   1014.6
    349.8   1051.5
    452.1   1258.8
    580.2     74.5
   1488.4   1204.3
    979.0   1733.8
   1562.4    238.3
    367.1   1428.9
   1353.9   1836.6
   1302.9    514.9
   1590.2    832.2
    201.9     89.8
   1321.7    931.3
   1369.1   1282.0
    311.5   1793.6
   1152.2    719.2
    588.0   1235.6
    577.7    716.2
   1078.9    857.0
    125.6    911.6
    973.0   1018.3
    731.7   1501.7
    962.5   1843.8
    185.3   1514.5
   1328.3    426.7
   1343.9    818.9
   1039.0   1268.7
   1344.1    979.2
   1452.9   1749.2
   1349.6    485.6
   1770.2    397.5
    761.0     54.4
   1567.0   1115.6
   1802.0    158.4
   1006.2    531.1
    675.8    543.7
   1707.4     58.2
    641.7   1681.7
   1403.3     35.5
    809.5   1160.8
   1797.6   1253.3
   1549.5   1506.6
   1324.2    318.6
   1110.4   1428.4
    230.0   1507.6
     88.0    499.2
    819.7   1513.8
   1453.4   1127.0
   1660.7    312.9
   1534.7   1295.5
    566.9    761.6
    490.1    777.7
   1259.9    566.4
   1537.6    357.8
    471.5    970.4
    705.2    753.2
    921.6   1555.0
   1377.5   1110.9
     75.4    587.8
   1082.9    357.0
     74.5   1683.2
   1126.6    693.4
    291.1   1532.3
    791.3    692.3
   1068.5    520.6
   1271.6   1574.7
   1782.2   1141.3
    845.5   1387.8
   1622.8     66.0
   1529.0    771.4
    655.8    313.9
   1322.3   1557.0
    660.2   1466.5
    895.9   1788.9
   1362.3    321.6
     91.6   1763.2
    760.1    635.5
   1561.8    402.0
    582.0   1688.9
   1666.9   1470.1
   1319.8   1343.1
   1094.6   1643.1
   1191.2   1583.7
    789.8    420.7
   1858.5     59.3
   1711.3    944.6
    218.8    741.0
    904.6    730.8
    765.3   1385.3
   1421.8   1407.7
    702.0   1751.3
   1110.3   1183.5
    146.7    447.7
   1537.8   1154.8
   1340.5   1443.9
   1261.2   1770.8
   1689.0    549.4
    194.2    262.4
   1415.0    832.6
   1846.8   1055.8
    225.2    677.0
    449.6   1561.5
    283.0    782.9
   1383.7   1829.1
    674.4   1077.4
    313.2    812.3
   1813.0    206.4
   1490.5    276.3
    854.5    974.5
   1059.7   1457.7
   1824.7    320.6
     20.4    798.7
   1026.7   1789.4
   1354.3    108.3
    497.7   1633.7
   1703.7   1692.9
   1625.3   1150.8
   1140.0   1464.2
   1661.0    961.9
     87.2    559.2
   1048.5    886.9
   1223.4    857.7
   1741.0   1330.4
   1505.8    814.7
   1794.4   1769.1
   1823.9     46.1
   1089.7    796.0
   1272.1   1657.0
   1623.5   1065.1
    176.8    158.2
    101.4    210.0
   1058.5   1152.7
    514.7    747.4
    431.9    241.4
    682.0   1370.7
    287.8   1119.9
   1070.1    220.7
     29.7     31.2
    750.0   1680.6
   1534.1    960.4
   1184.4   1420.8
    219.3   1407.3
    722.3    665.5
    457.7    590.0
    789.7    799.0
   1439.5   1202.4
   1674.9    374.7
   1845.2    524.4
    131.8    388.2
   1118.5    772.6
   1162.2   1788.5
   1187.5   1003.3
   1710.2    846.9
    134.5   1303.8
    517.0    543.0
   1013.6    444.9
   1481.6   1651.8
   1108.9    621.4
    959.2    187.6
    851.6   1828.2
    643.6   1774.9
    381.1   1510.0
    852.6   1731.5
    335.1    770.8
   1076.0    649.8
   1150.5    961.6
    852.1   1052.4
    459.0   1850.5
   1762.3   1068.9
    506.2   1566.8
     26.7    369.6
   1073.3   1622.6
    251.4    389.8
    345.0    133.0
    606.0    192.0
   1046.9    648.3
   1288.0   1398.6
   1708.9   1214.8
    359.4   1473.4
    439.5    772.6
   1222.2   1142.2
    191.5   1456.8
   1493.2   1009.8
   1132.1     48.8
    193.8    578.4
   1478.2    494.6
     90.9    660.1
   1038.8    501.1
   1750.8    766.0
    140.6   1212.2
   1221.5   1598.0
     73.6    324.8
    555.8    134.8
    869.4   1197.5
    206.0    519.8
   1461.8   1609.9
   1505.6    349.2
   1670.0     98.1
    453.5   1797.8
    627.3    460.0
   1610.1   1287.8
    685.7   1342.8
    114.5    958.5
    872.6    278.0
    966.7   1139.4
    185.5   1213.8
    543.6    249.1
    819.2   1664.2
    253.2    811.8
   1619.6   1735.8
   1393.5   1238.7
   1115.0   1391.2
    740.3    429.9
   1589.7   1617.9
    714.4   1074.1
    498.5   1151.1
    818.0    824.7
    297.2    242.1
    306.3   1559.7
    541.3   1076.4
    284.4   1491.9
    219.0    421.7
    260.9    479.5
   1537.6    509.4
    980.4    275.0
    551.2   1218.6
    705.0   1145.0
   1256.9     86.2
   1396.8    982.6
     59.7    230.1
    519.2    455.4
   1136.8   1039.9
   1299.7    710.7
   1467.4   1258.8
    475.0    811.3
    409.7    613.9
    136.6    220.0
   1542.9    909.1
   1021.7    327.7
    305.9    532.6
   1740.4   1160.9
   1047.3    108.2
     79.5   1576.1
    781.4   1497.0
    870.8   1477.1
    414.2    285.3
    228.3    936.5
    832.9   1203.5
     22.1   1580.2
    104.7    430.5
    557.0   1493.6
    192.1    379.9
    266.6    677.3
   1272.0    613.3
    934.7   1233.6
    438.2    739.3
    895.5   1614.4
     76.0    716.3
    878.6   1022.1
    454.0    704.8
   1740.2   1094.2
    227.2    231.0
   1694.9    596.9
    371.3   1117.2
    147.5   1454.2
   1732.9    324.8
    170.3    905.7
    298.0    205.1
    268.7   1709.1
    504.8    885.7
   1612.5    521.4
   1322.2    106.3
    504.1    596.8
    695.9    569.9
   1404.9   1790.7
   1335.9   1139.4
    707.5    429.5
   1219.8   1209.3
   1680.3    799.6
    851.0   1433.0
   1023.7   1515.0
   1643.0   1450.7
   1449.8   1637.9
    340.1    408.7
     47.1   1031.1
   1510.6     91.6
   1752.8   1005.9
   1082.2     36.5
   1154.3   1372.8
    442.5   1502.2
   1442.5    936.3
    750.9    999.0
    466.1   1018.3
   1411.1    175.2
   1560.5    620.7
   1100.0   1345.9
    579.7    391.7
   1316.2    843.3
   1854.0    216.8
    930.4   1667.0
    277.3    952.4
   1040.8    697.0
   1615.0    662.8
    911.3    669.8
    430.2    486.8
    296.7   1652.7
   1638.2   1502.2
    205.0   1105.1
   1322.7   1729.1
    911.8   1164.0
    791.0    191.0
   1101.8    164.3
    965.0   1470.2
    971.8   1284.5
    573.6    289.8
   1115.7    724.9
    447.0   1420.2
   1103.9   1730.6
    848.9   1152.2
    350.2    464.5
    658.1   1847.7
    116.5     42.4
     61.3   1614.9
   1038.4    246.4
    528.4   1542.9
   1762.8   1832.1
   1846.3   1405.8
   1650.2    876.9
   1160.3   1859.2
   1711.6    206.0
    374.7   1703.1
   1605.2    191.4
    356.0   1380.2
    702.8    806.5
    923.4   1486.7
    252.6    728.8
     58.2   1327.8
    550.1    679.9
    190.4   1338.6
   1825.6    234.5
    563.7    481.2
    186.1     65.6
    597.4   1746.5
    277.8    298.2
   1841.4   1541.0
    896.2    166.8
    737.6    611.0
   1825.5   1835.6
    280.7   1623.5
    838.5    664.2
    697.6   1620.9
     92.5    873.0
   1208.2    416.3
   1476.1    925.6
    899.3   1269.1
    330.3   1106.1
    915.6   1854.9
    201.2   1744.4
   1124.9   1143.2
    776.8    387.2
    831.8    380.8
   1707.2   1725.2
    867.5   1271.5
   1210.3   1660.2
    923.5   1794.4
    362.9   1800.3
   1470.6   1060.9
    986.4   1702.8
     99.5    798.8
   1308.8   1106.6
    403.3     85.9
    100.8   1206.8
    137.6   1712.7
    525.8    636.0
    687.7   1233.3
    206.6    177.6
   1382.1    939.1
     33.1   1849.5
    751.4   1062.0
    661.5    161.9
    520.1   1359.9
   1391.6   1548.5
   1208.9   1472.1
    850.7    891.9
    954.0   1047.9
   1502.8   1256.9
    463.2   1381.9
    440.8    188.9
    875.9   1564.4
   1641.1    515.9
    171.2   1787.9
    946.3    970.4
    984.9    222.8
   1843.6   1311.1
   1168.9    154.4
   1232.2   1820.3
   1387.8    636.7
   1744.3    596.5
   1390.1   1012.1
   1307.2   1213.4
    629.7   1651.8
    421.5    400.3
   1340.7    206.1
    524.6   1433.7
   1236.1   1330.3
    492.9    139.8
    495.1   1219.3
    710.9   1829.0
    140.6    876.5
     36.5   1296.6
   1684.9     27.1
    796.8   1700.4
   1657.0    922.3
    389.0    337.7
    905.5    111.1
    789.3    489.3
    239.2     49.2
   1715.6    370.4
    402.0    511.1
   1298.0   1293.2
   1011.6   1637.3
   1573.0    676.3
   1617.0   1119.0
    806.4    326.8
    610.3    609.8
    499.9   1539.0
   1507.9   1304.6
   1351.3    285.5
   1602.0   1829.8
   1530.2   1616.5
   1688.2   1072.2
   1426.5    470.8
    616.9   1334.7
   1736.7     28.1
    272.6     72.0
    657.7   1165.6
    854.0    324.0
   1568.3   1746.0
    646.5    836.1
   1411.7    311.0
   1727.4   1452.5
    201.3   1288.9
   1566.7    745.6
   1297.5    951.3
    974.8    771.7
   1330.0   1500.0
    103.0   1649.6
   1090.1   1481.6
   1296.0   1806.7
    617.2   1544.8
    725.7    164.2
    693.0    321.1
    892.5    697.6
    932.0   1290.2
    717.9    540.4
   1384.4    435.9
   1781.3   1557.0
    282.5    385.1
    863.0    413.4
   1193.2    727.3
    444.9    660.2
   1017.7   1396.2
    466.7    937.2
    988.8    935.9
    273.0   1406.8
    484.7    269.6
    798.1    739.6
   1799.9    340.3
    574.7    821.4
    395.7    183.8
   1330.6   1050.7
    956.8   1211.8
   1070.0    297.7
   1771.1    340.6
    904.4    491.7
   1848.8    886.5
    627.3    307.1
    838.3   1579.6
    516.1     49.3
    947.0    353.9
    248.9    213.3
    940.3    473.1
    324.8    313.6
   1060.2   1699.7
   1538.6    571.0
     48.3   1386.4
   1580.1    132.2
    840.4    704.4
     64.8    848.4
   1260.7   1369.0
     42.8   1117.5
    960.7    125.7
    771.6    124.0
     36.2    141.3
    260.2   1094.6
    162.2    806.5
    120.6   1763.5
   1090.5   1562.2
   1792.7   1200.2
   1126.7    452.2
   1123.5   1500.8
    790.7   1285.8
    668.4   1400.7
     99.0   1105.5
   1144.5   1740.5
    671.8    114.7
   1559.4   1446.0
   1091.8     73.1
   1337.2   1285.1
    480.5   1305.0
    609.7    869.9
   1750.8   1237.5
    712.2   1370.8
   1188.9   1204.5
   1209.8   1310.1
   1510.2   1102.0
   1551.8    173.2
   1142.1    663.5
    529.2   1620.6
    338.3   1201.0
     38.0   1821.1
   1373.7   1670.3
   1000.1   1101.0
   1554.6   1013.6
    595.8    996.6
   1454.7   1451.3
   1276.7    359.4
   1481.4   1472.3
   1417.4   1083.3
    925.3     59.1
    324.2    632.6
    826.9   1128.3
   1761.9   1678.4
   1633.7   1362.8
    638.5   1115.0
    923.1   1071.2
    434.3    985.0
   1407.0    101.9
   1753.0   1284.5
    411.9   1065.8
   1409.1   1492.8
   1559.5   1213.9
    374.5   1229.7
    973.9   1593.5
    198.9    474.3
   1215.2   1252.2
   1184.7   1751.9
   1037.8    962.2
   1434.3    637.0
    625.0    150.9
    626.5   1421.3
   1451.3    821.3
    577.9    633.5
   1277.3    802.4
   1827.8    986.0
    606.6    379.9
   1503.1   1826.9
    122.7    820.9
   1540.3   1411.0
   1547.0     61.0
   1769.7    430.9
    646.2    726.8
    144.3    275.0
   1349.6    768.5
    209.8   1684.5
   1624.4    911.0
    605.5    553.8
   1108.2   1083.9
    899.7    939.4
    995.0    642.6
    746.2    330.9
   1033.1    365.6
   1502.8    167.9
    640.6    487.1
   1119.8    849.3
    393.6    857.6
   1477.3    759.4
   1631.0   1613.5
   1596.3   1542.0
   1036.4    790.3
    825.7    864.7
    257.4    994.3
   1058.7   1519.3
    140.6   1552.9
    437.3     39.4
    980.6   1645.8
    255.6    256.3
    267.6    874.0
   1124.2    322.0
    310.9    571.3
   1625.7   1550.4
    849.1   1313.5
    412.7   1523.3
   1401.4    765.9
    782.4   1014.5
    517.1    931.0
    535.2    365.2
   1616.4    235.2
    456.7    374.7
   1440.9    786.5
    356.7   1652.7
   1745.1    182.6
   1261.5    946.0
   1839.3    414.5
   1216.8     72.2
   1750.7   1357.4
   1409.3   1272.0
   1426.8   1162.4
   1164.3   1171.9
   1087.2   1274.8
   1159.2    998.4
   1422.9    360.2
    955.6   1518.2
    591.6    103.7
   1366.0   1178.6
    567.3   1028.9
   1346.0    656.3
     32.4    331.0
   1583.5    481.4
    389.0    949.5
   1466.9    657.5
   1414.1    797.8
   1373.1    825.3
    150.0   1643.6
    150.5    998.6
     76.2   1514.8
    976.0    536.2
    101.8   1813.4
   1341.8    176.4
   1423.3    683.0
   1426.2   1359.1
   1045.1   1763.8
   1639.3   1193.2
    286.3   1283.2
    467.1   1124.8
    575.6     35.9
   1268.9    698.3
   1647.1    150.7
   1325.0   1842.1
    790.7   1818.2
    142.8    480.8
    980.0    856.0
    834.7    347.3
    328.2    488.9
    683.0   1679.4
   1781.8    928.2
   1461.6    127.7
   1429.6    267.5
   1531.3   1185.0
   1225.7   1772.9
   1820.2    740.4
     54.5    182.0
    541.1   1794.6
   1656.6    669.6
    422.4    364.3
   1224.5    151.6
    971.6    582.4
    441.4    147.6
    716.9    480.3
    712.6    234.2
   1476.1   1310.1
    136.7    519.6
    518.9   1818.6
    875.8    848.7
   1082.9   1223.4
    575.1   1197.0
    744.0   1820.7
   1437.1   1009.9
    138.8   1172.9
   1033.6   1038.9
   1022.0   1468.0
   1584.4    572.9
    817.7    609.5
    119.4    643.2
    855.7   1615.9
    756.2   1476.2
   1121.8     86.8
    607.4   1777.1
    824.8     99.4
    549.1   1357.4
    177.3    499.4
    801.2   1609.2
    538.7    520.5
    658.1   1207.6
   1404.6   1605.8
    579.4    209.4
    720.6    881.0
   1206.1    460.2
    246.6    766.8
   1636.1   1779.6
    309.5   1692.9
    109.5    149.5
   1349.6   1408.7
   1226.3    763.8
     39.2    505.8
    261.9   1745.0
    991.6    162.5
    153.8    719.0
   1416.0    215.4
   1299.9    608.9
   1641.0   1676.9
    238.0   1037.9
    313.6    177.0
   1279.8   1110.6
    903.3     33.7
    777.5    249.6
   1018.8   1559.1
    269.4   1457.0
   1142.0    616.8
    404.0    992.0
   1008.2    831.5
   1105.5   1602.5
   1855.6    662.0
    485.0    192.0
    369.2    293.0
   1613.1    376.9
    223.9    605.0
    224.9    641.0
   1403.3   1658.5
    166.6   1168.2
    167.3   1565.5
    613.6   1820.2
   1174.2    682.3
   1746.7   1393.2
   1155.5    833.8
   1237.4   1181.0
   1129.4   1354.6
   1017.4   1214.4
    265.7   1062.1
    728.6    362.5
   1408.9    564.5
   1462.1   1339.5
    387.8   1663.0
   1475.7    893.1
   1152.5   1272.1
   1680.8    127.5
    854.7    232.4
   1589.9    436.4
   1512.5     54.8
    769.4    716.8
   1514.4    314.2
    151.2    550.2
   1093.4    258.5
    190.6   1043.6
     97.3    843.4
     83.4   1011.9
   1500.7   1434.1
    777.2   1232.4
    700.2    928.0
   1717.6    815.8
    791.7   1740.2
    737.1   1555.5
   1268.6   1457.0
    476.6    649.1
   1010.4   1170.6
   1798.4   1461.5
   1794.5    667.3
   1594.2   1135.5
   1121.5   1689.6
   1834.9    599.0
   1190.4   1039.0
    806.0   1401.2
   1698.6   1583.2
    416.5   1327.1
    972.0    493.5
   1515.3   1046.7
    848.0   1016.1
    620.1    938.2
    425.0   1103.3
   1547.3   1726.1
   1806.6   1727.1
    943.1   1736.5
    569.5    337.3
    344.6    208.5
    550.6    940.8
     31.0    955.3
    359.9   1306.2
    675.1    665.6
    342.0     63.5
   1600.0   1660.6
    679.1    631.9
   1102.1    933.4
   1602.8    276.8
   1676.3    994.8
   1788.3    531.7
    376.9   1002.4
   1767.0    216.1
    524.9    206.9
   1627.4   1330.4
   1578.9   1343.3
    552.7   1686.9
   1690.7    178.3
   1315.3    222.4
   1797.7   1111.5
   1826.7    292.0
   1488.4    684.1
   1718.9   1259.3
    627.5   1082.2
    391.5   1810.2
   1316.0    805.3
   1809.9    107.8
   1837.9    103.4
   1063.4   1351.2
    817.4    949.9
   1280.2   1696.2
   1193.0   1277.2
   1858.8   1667.6
   1459.1    367.0
   1287.8    238.1
    803.0    539.7
    495.6   1383.1
    407.0   1834.3
    161.9    380.1
    594.2   1156.3
   1245.1    481.3
    186.2    649.1
    510.6    986.4
   1427.1    714.6
   1572.8   1680.9
   1515.8   1561.9
     65.1   1361.7
    147.5    181.6
   1711.8    647.9
   1234.2   1541.1
    454.7     73.7
    252.7   1585.0
    601.9    913.5
   1680.6    686.9
   1642.4   1023.9
   1358.1   1551.9
   1166.2   1328.3
   1177.9   1069.6
   1841.8    560.4
   1382.5    708.6
    962.3     78.5
    974.8    430.8
   1459.8    403.2
    165.2    115.9
   1169.0    117.6
    105.9   1270.8
   1805.2    591.6
    510.2    501.4
   1421.1   1858.1
   1816.0    464.1
    305.0   1367.6
    361.8    621.7
    933.3   1334.4
    740.5    810.1
   1778.6   1309.4
   1713.5   1415.9
    811.2    769.3
    110.4    118.0
    302.4    966.2
   1313.0    488.6
    493.4    722.1
   1365.6     68.2
    249.1     21.5
    879.0    562.7
   1581.3   1289.2
   1751.9   1650.6
    138.3   1395.2
   1001.6    974.5
     97.2   1611.4
    232.5   1225.0
   1428.4    865.9
    464.0   1629.4
   1213.5   1521.1
    694.0    605.4
   1162.0    583.5
   1662.0   1572.4
   1530.6    604.2
    480.2    535.8
   1571.0    345.2
   1580.5    930.3
   1381.7   1737.3
    148.8   1332.2
    231.9    456.6
     79.4    952.9
   1859.4   1248.9
   1799.3   1696.3
    385.4     47.8
    515.1   1299.7
    555.1   1324.3
   1847.1    367.8
   1583.7    538.4
    399.6   1483.6
   1240.6     28.9
    642.8   1519.9
    625.3    693.1
   1563.7   1475.5
    551.9     70.1
    842.8    442.3
    465.5   1678.1
   1015.2    614.7
    654.4    192.1
   1782.4    892.9
    953.8   1173.2
   1177.9    538.2
   1425.1   1687.2
    214.4   1250.1
    368.9    232.7
   1438.2   1821.9
     50.7    648.9
   1039.3    191.3
    158.1   1592.4
     76.6   1159.6
    988.1   1368.6
   1357.6   1596.7
    211.8    981.6
    729.6    128.0
   1304.1   1076.1
   1813.2   1515.0
    804.1    232.1
    542.8    808.8
    833.5    140.2
    172.9   1017.5
    578.2   1354.3
     86.1     78.3
   1844.4   1731.5
   1818.1   1404.2
   1535.1   1804.5
   1201.4   1714.1
   1497.8   1398.8
   1386.2    122.8
    122.2   1581.2
   1565.0   1594.6
   1624.5    748.0
    517.5   1052.9
   1130.8   1630.1
    648.9    406.1
    105.6    994.4
    223.4   1134.5
    425.7   1369.0
    519.1   1469.2
   1306.0    359.6
    669.8     47.7
    444.7    537.2
   1544.8    695.6
   1698.7   1313.0
    865.1    750.2
   1738.6    461.1
   1199.9    168.3
   1319.2     24.7
     88.2    299.6
   1712.9    707.4
   1192.1    302.2
    659.2    358.3
     84.2    367.6
     44.1   1670.9
    948.2    739.1
   1484.5    553.9
    830.4    477.4
    883.2    916.1
    568.1   1562.2
    885.2   1315.2
   1433.7    331.6
    723.4   1405.3
    947.5   1779.0
    651.0    242.1
    336.1   1823.3
   1171.5    258.7
   1437.5    557.4
    983.4   1527.0
    686.1    900.7
    929.2    780.9
    369.8   1837.6
    794.9   1192.8
    345.2    857.7
