# 150 nos mesh — posicoes lista (seed=311)

ns3::ListPositionAllocator
      0.0      0.0
    583.6    196.7
     68.8    319.4
    686.8    126.2
    399.4    386.2
    175.9    241.0
    231.9    530.0
    444.4    521.9
    499.3    218.6
    605.2    414.1
    437.5    199.8
    232.3    649.7
    553.8    648.6
    198.3    103.5
    655.2    701.7
    560.4    385.2
    415.5     90.6
    166.0    562.6
    521.8    437.5
     34.8     80.9
    416.5    155.2
    488.1    345.3
    641.8    624.2
    257.1    226.4
    569.2    557.6
    410.9    619.5
     97.9    369.9
    137.2    409.3
     72.9    232.5
    452.1    389.6
    706.5    485.0
    612.3    257.7
    157.3    315.8
    366.1    283.1
    211.9    323.0
    187.4    428.6
    153.1     49.0
    695.2    517.7
    313.7    538.5
    459.3    103.3
    176.0    337.9
    384.5    258.1
    288.0    211.0
    143.7    469.4
     93.2    530.1
    369.7     79.5
    404.1    566.6
    611.3    633.2
    157.8    659.9
    698.7    238.7
     83.1     65.9
    393.6    440.0
    177.3    470.0
    453.2    226.7
    346.6    614.8
    371.8    460.7
     35.3    310.8
    322.6    421.6
    498.6    596.1
    433.3    283.2
    300.9    493.6
     53.2    508.1
    626.1    194.9
    121.2    352.5
     88.7    138.6
    520.9    302.1
    113.9    480.0
    477.7    685.4
     30.9    702.3
    623.7     41.1
    535.9     64.5
    566.8    317.8
    535.3    107.9
    371.8    595.9
    577.4    495.3
    289.1    253.2
     90.2    686.8
    288.7    313.2
    482.6    161.2
    441.5    428.9
     94.6    341.7
    689.5    619.0
    588.9    166.9
     46.0     39.2
    326.0    116.6
    388.0    217.8
    236.4    452.6
    523.8    497.1
    550.3    224.1
    464.6    655.7
    598.5    360.6
    383.3    120.5
     41.1    461.5
    193.6    166.5
    561.5    177.8
    430.8    665.1
    638.8    569.8
    632.4    291.1
    701.0    369.5
    641.7    391.5
    224.9     53.5
    296.7    675.4
    287.1    427.8
     63.6    645.9
    538.2    361.9
    665.1     94.2
    606.3    684.7
    525.2    693.7
    314.7    389.6
    136.9    688.7
    388.3    692.4
    380.2     43.2
    313.6    191.0
    193.3    644.3
    659.5    280.5
    251.6    670.3
    431.8    701.5
    678.6    458.2
     43.4    618.0
    480.5    491.6
    636.0    450.3
    592.4     84.9
    493.1     78.6
    268.0    174.3
    238.3    355.9
    363.6    401.6
    331.9    684.9
    164.9    698.9
    150.2    376.0
    119.9     64.1
    157.6    272.2
    367.5    359.6
    423.3    500.7
    180.9    505.6
    531.5    598.7
    282.2     49.4
    481.4    125.6
    120.6    554.2
     56.2    403.7
    646.0    652.2
    273.5    540.7
    352.9    551.8
    682.4    171.6
    352.7    248.1
    128.2    144.3
    684.1     50.4
    440.7    126.6
    329.9    497.8
    531.5    527.5
    263.3     71.8

# vim:ft=conf
