# 2000 nos mesh — posicoes lista (seed=701)

ns3::ListPositionAllocator
      0.0      0.0
   1977.5   1328.3
    310.9   1460.3
    653.5   1417.4
   2631.6   1431.5
    130.1    484.8
   2375.7    424.9
   1011.1    135.6
    865.6    967.1
   2587.3   2471.3
    321.7   2045.5
    677.9   1434.6
   1371.8   1487.8
   1483.6   1150.2
   1191.3   1049.2
    528.4    511.6
     65.3   1792.1
   2421.6   2592.0
   1922.8   1844.4
   1953.6   2117.6
    635.1   1332.1
   1172.1    266.3
   2442.7   1806.7
   1939.1   1690.6
    325.5   2596.7
    227.9   2482.0
    696.9   1332.7
   2389.3    926.8
   2316.6   2626.9
    745.5   2634.1
   2557.0   2563.9
   1275.2   1048.6
   1953.2    116.8
    651.2    507.1
   2544.6    287.3
    367.4   1480.0
    644.3   2376.0
   2359.8    712.3
   1420.3   2343.4
     65.2   1411.5
    235.0   2049.7
   2423.1    858.8
    159.8   1341.2
   2294.6     88.2
   1606.4   1836.7
    312.2   2134.9
   2627.6    122.6
    902.5   2548.5
   1200.5   1898.6
   2160.8   1126.0
    359.3    692.5
   2461.6   2313.0
   2166.8    593.7
    748.6   1893.5
   2434.3   2094.6
   2544.8   1082.4
   1962.8    807.1
    145.6   2387.8
    227.4    690.2
   2292.5   2123.3
   2243.0   1877.3
    674.9   1569.9
    735.0   2374.0
    986.6    934.1
   1320.9   1607.3
    340.2   2382.5
   2481.4    395.5
   1868.1   1556.9
    222.8   1193.2
   2449.9   1344.9
   2156.1   1883.9
   2036.2   2491.7
    561.9   2477.5
   1701.9    403.3
   2531.7   1209.8
    111.9   1190.1
   1201.8   1532.0
   1463.2   1479.6
   2018.4   2447.4
   2278.3   1179.7
   1386.3    641.1
   2518.0   2588.1
   2265.2    753.1
     37.6   2188.4
   1402.3   2509.6
    793.8   1285.8
   2510.4   2527.0
   1518.3   2407.1
    162.3    953.1
   1307.4     45.9
     40.4   2267.1
   1469.1   2219.7
   1477.8    639.6
   1018.7   1148.1
   2378.8    882.9
   1351.1   1371.4
   1116.3   1319.1
    229.9    201.4
    548.4    637.8
   1566.7   1893.1
    659.4   1067.2
   1132.5    311.4
   2130.7   2292.9
    233.4   2078.7
    433.3   1711.4
    647.5   2126.4
    405.6    447.9
    898.1   1825.6
   1171.1   1540.2
    180.8   1940.6
   1360.8    247.5
    979.1   1091.7
   2536.9    334.8
    841.1    826.8
   2385.6   1996.1
    955.7    747.0
   2586.3    544.2
   1157.8    837.7
    829.3   1885.4
   2275.7   1826.4
   2199.6   2398.9
    898.2    506.9
    174.6   2241.5
    626.9   2485.5
    272.0    409.3
    341.9   1389.9
   2169.1   1030.4
   2585.9   1035.3
    226.6     40.6
   1452.2   1684.3
    534.2    788.8
    343.2    121.6
    104.1   2498.0
   1252.2   1088.1
    953.7    298.4
   2077.9   1480.9
    735.1   1343.8
    842.1   1980.6
   2283.1   1622.6
   2085.4   1223.0
    949.2    360.8
   1903.9   1564.6
    500.5    918.8
   1073.3    139.8
   2200.9   1675.4
    609.8    398.9
   1276.1    949.3
   2339.6   2041.9
    626.9     68.2
   1292.4    779.3
   2637.9   1735.4
     83.7    895.6
   1871.6   1258.2
   1052.2   1244.6
   2391.0   2366.4
    974.5   1645.2
     77.3    256.5
    426.6   1922.4
   1628.6   1570.0
    412.7    945.1
   2282.0   1531.7
   2165.3    171.4
   2088.9   1947.6
    648.9   2536.0
    980.3    540.2
    929.6   1395.3
    743.1   1377.0
    885.2   2364.5
   2584.8   2311.8
   2388.5   1858.5
    437.8   1046.5
    173.3    332.1
   1236.5   1550.6
   2387.8   2326.3
   1420.9   1275.9
    393.9   1178.8
    770.8     97.9
    293.2   1110.5
   1884.6    181.0
   2546.4   2300.1
   1999.7   1127.8
   1338.1   1305.9
   1146.8   2277.3
   1139.6   1068.5
    978.8   2014.1
    702.9   2002.4
   2613.2   1577.8
   1996.6   2253.6
    276.8   1251.1
   1349.9    793.4
    723.9   2485.6
   2162.2    745.5
   1412.4   2635.4
   2053.6   2108.4
   1494.5   1307.2
   1658.1   2159.0
    178.7    268.1
   1702.3   2027.4
   1433.4   1740.2
   2191.7   1548.4
   1395.7    477.8
   2230.3    924.7
   2630.3    212.9
   1744.2    895.1
    311.7    204.5
    185.5   2452.8
   1546.3   2235.0
   1047.3   1796.5
   2463.5     43.1
    807.0    216.0
    497.6    886.4
   1961.4    552.8
   1969.1    974.6
   1136.0    746.9
   1155.9   1425.4
   1862.5   2632.3
   1268.2   1970.0
    844.9   1800.5
   1316.3    916.3
   1429.4   2116.9
   2489.0    751.1
    416.2    854.7
   1237.8   1261.8
    204.4     67.3
    641.6   2158.4
    741.0   2260.8
    370.5    763.4
   2628.5   1528.9
   1916.1   1516.3
   2090.4   1910.0
   1659.3    438.3
    376.0   2092.5
   1042.5    750.3
   1701.8   1829.5
    563.8    747.4
     58.1    632.7
   1995.5   2479.9
   1522.9   1448.2
    917.2   2354.2
    673.4   1169.3
    937.5   1591.9
   2411.8   2499.1
    799.3   1123.0
   2632.2   2327.5
   1832.6   2330.9
   1566.9   2011.8
   1062.5   1369.0
    738.8   1476.1
   1686.4   1144.3
   1035.2   2314.7
    599.1   2395.3
    302.9   1897.0
   2182.7    825.3
   2603.4   1071.2
    510.4   2527.5
   1730.6   2620.7
    264.3   2451.9
   1592.3   1002.2
   2512.8    700.3
    592.7    965.8
    263.5    285.9
   1091.8   1762.2
    402.2   1869.5
   1612.7   2499.1
   2053.0   2367.6
   1641.7    526.3
   2140.1   2235.7
    197.4    764.9
    557.8   2605.1
   2388.2   1167.5
   2406.8    612.9
     64.9   2107.9
   1967.5    500.4
   2116.9    540.9
    731.3   1508.3
   1066.8   1153.7
   1751.2   1343.9
   2108.0   1469.3
   1472.9    214.8
   1380.4    293.5
    460.6   2556.3
   2424.1    477.6
   1152.9   1113.0
    874.8    140.5
    673.7    770.4
     44.8    465.5
    708.9    908.6
    309.0   2195.8
    921.9    151.4
   2051.6   1282.2
   2284.3   2026.4
   2010.3    751.9
   1885.4   1453.0
    599.8    236.0
   1237.2   1497.1
   2473.5   2383.6
    269.3    982.1
   1935.0    587.4
   1393.2    565.2
   2217.1   2093.5
   1575.7   2119.9
   2090.2   1108.9
   1625.7    754.4
    580.0   1491.8
   2183.7   1820.9
   1809.1    282.9
    426.6   2363.7
   2481.6   1971.1
   1044.4   2039.4
     60.0    296.9
   1728.1   1679.1
   1423.3    154.5
   2368.1   1829.7
   2302.7    480.1
    924.6   1249.9
   1008.3   2302.6
   1409.8    709.8
   1732.1    742.7
   2440.3   1622.7
    626.0    770.5
   1342.3   1233.7
   2238.9   1695.3
    542.1   1622.0
   1514.2    529.4
    571.6    343.5
   1713.7    581.3
   1612.5    829.7
    375.8   2404.7
   1536.9   1539.3
   1831.3   1415.8
    408.9   1484.0
   1561.8   1754.7
   1391.1    194.9
   1560.7    704.3
   1381.3   2205.3
   1821.7    586.7
   1267.6   1799.9
   2445.1   1934.0
    105.9   2168.4
   2564.3   2002.9
   1912.3   2322.8
   2402.3   2029.1
     37.2   1992.2
   1877.3   2359.6
   1759.5   1111.4
    592.9    867.5
   2121.1   2195.5
   1343.7    581.4
   1282.6    874.2
    289.2   1223.4
   1641.5   1725.7
   1487.6    545.9
   1551.1    829.1
   1058.8     93.5
    607.8    483.8
    742.7   1113.6
     82.6    117.1
   2634.4   1803.9
    297.3   2581.5
   1106.0    445.3
   1267.6   2091.0
   1352.4   1037.4
    337.9   1066.2
    748.4   1942.6
   1139.5    787.2
    474.1   1420.2
   1908.0    155.0
   2349.5   2634.2
   1316.8    330.5
   1171.7    914.4
   2241.5   2518.7
   1740.9    248.8
    959.4   1378.1
    947.3    631.8
   2205.8    385.5
    441.8   2612.6
   2542.9    382.3
   2453.4    113.3
    845.6    340.3
    190.8    590.7
    175.5   2575.5
    773.4    903.1
   2441.1    528.5
   2120.3   2555.9
   1407.3    366.3
   1196.7   1616.9
    745.1    557.9
   1544.7   1618.7
   2406.6   2533.5
    712.5   2431.3
   2497.0   1548.7
   1743.4   1895.2
    127.6    972.8
    109.6    797.0
    117.9   2208.5
    476.9    847.4
   1332.3    380.1
   1599.5   1432.3
   1205.9    408.7
   2032.4    228.8
   1571.3    374.4
   1219.0   2194.4
   2337.7     34.5
    626.5    990.1
   2093.6   1329.8
   1264.5   2200.0
    231.6   1651.9
   1535.4    321.0
    527.7    721.8
   1752.0   2173.0
   1237.7   2086.8
   1037.0    530.6
   2375.8   1894.4
   2586.3   1805.4
   1618.3   2605.2
   1809.3    164.9
    114.6   1027.3
   1268.2   1323.1
   2273.1   1140.4
    155.0   1455.6
   1680.1   1920.0
   2177.9   1266.0
   1831.3    333.5
   2609.5   2278.8
    738.7   1292.2
    638.2   1871.8
   1814.7   1113.6
   1473.8   1965.6
    560.9   2222.4
    226.7   2018.7
    719.5     31.9
   1449.3   1899.4
   1399.4    329.9
   1660.0     86.5
   2460.0    156.1
   1773.7    584.9
    210.9   1819.6
    310.9    789.6
   1925.4    349.8
   1214.4   1314.5
    689.0    974.3
   2394.7   1958.7
    545.4    836.0
   2038.4   1618.7
   1943.3   1618.7
    107.7   2113.1
   1498.9   1383.9
   2317.6   1125.4
    660.6   1364.0
   1171.4    944.2
   1621.6    196.5
   1497.9    842.3
   1136.2   2025.6
    208.6    524.9
   1693.5    552.5
    378.1   1563.5
   1673.7    932.4
   2332.2   1222.1
   2461.1   1904.4
   2232.9   1283.4
   1454.1     28.5
    106.7    692.4
    752.0    682.4
   1026.3   1545.0
   1718.4   1492.5
   1569.4    467.1
    949.2    786.3
   2568.7   2185.3
   1103.1   1647.0
    935.8   1650.9
   1677.1    975.9
   2111.3   2226.5
   1297.4   1170.0
   1597.2   1244.3
   2238.8   1823.9
    927.8     66.0
   2327.4    350.2
   2346.8   1754.7
   1230.4   1753.6
   1508.7   2379.7
   2199.7   1185.2
   1019.1   1239.1
   1439.6   2584.5
   2175.7    540.8
    800.6   1924.6
    115.0    852.8
   1639.3   1896.9
   1012.9   2075.5
   2259.2    963.5
    824.3   2508.4
   1668.6    720.6
   2367.7     36.5
   1915.4   1254.2
   2569.1   1174.1
   2104.1   2339.3
   2343.9   1433.7
   1372.3   2088.2
    623.2    425.7
    562.0   1683.1
   1460.1   2103.3
   1867.6   1665.6
    448.0    885.9
    848.0   1039.7
   1492.9    904.1
    564.6   1761.3
    151.9    540.4
   1060.1   1100.2
   1406.3    238.4
   2475.7    641.8
    808.9   1956.7
    340.7   2223.9
   1466.0   1008.4
     53.7   2309.3
   1541.2   1115.6
   2098.2    643.9
   1395.6   1578.8
    298.7   1034.0
   1403.0    443.6
    398.9   1795.8
     50.1   1668.6
    292.3   1509.8
   1090.3   1841.1
     80.3   1849.8
   1180.2    820.0
    238.2   1757.9
   1660.2   2006.2
    661.5   1103.3
    762.7   1592.1
   1502.7   2168.3
    580.0   1357.9
   1990.0   1882.8
   1944.1    665.5
   1640.2   2196.6
   2326.6   2137.2
   2064.8    668.4
    887.5   2068.0
   2542.0   2203.3
   1783.9   1593.3
    626.3   1094.8
   1380.2   1719.3
    773.7   1734.8
   2279.6   1769.3
    307.5   1593.4
    133.5   1874.9
    495.1    787.1
    755.8    492.1
   2514.8   1253.5
   1814.7   1734.4
     23.5    522.6
   2440.7    964.0
   1274.8    348.6
    423.9    624.7
   1596.2   1488.7
   1586.2   2315.8
    438.4   1130.5
   1151.8    333.6
   1079.0   1885.4
   1576.6   2550.1
    711.1   1210.0
   1063.7   1558.8
   1330.4    148.0
    803.4   2173.3
   1876.9    235.1
   1081.9   2215.0
   2226.9   2133.1
   2269.1   2270.6
    377.7   2492.8
   1605.5    144.7
   2009.1    425.6
    282.6   1610.2
   1200.7    738.7
   2173.8   2292.8
   1689.1   2553.8
   1008.5    865.1
   2545.6   2257.4
    596.1   2526.1
    641.3   1223.6
   1703.0   1285.1
   1204.4    167.8
   1330.0   1745.4
    702.0   2196.1
   2100.7    682.2
    336.4    976.1
    256.3    950.5
     66.1     64.7
   1892.2   1492.3
   1958.3   1722.3
   1788.7   1235.5
   2328.0   2507.6
   1016.3     94.4
    589.2   1180.3
   1731.5   1770.9
    196.3   1912.7
    650.5    148.3
    610.6    203.6
     21.5    724.5
    168.7    799.1
    893.5    892.4
   2017.9   2415.3
    493.7   1464.1
   2591.4    356.9
    540.8    674.2
   2441.4   1850.7
   1495.8    290.6
   2015.2   1502.1
   1670.4    238.9
   1765.0   1025.3
   2268.6    334.6
   2040.5   2554.9
   2457.0   1140.9
   1438.4    962.1
    485.1    557.1
   2025.1    803.0
   2077.6   2125.1
   1652.7   1618.9
   2522.7    202.7
    404.0   1056.2
   2315.7   1259.7
   1299.2    733.8
    856.7    420.7
    148.2   2149.6
    342.7    555.2
   1763.0   1991.1
   1790.0    963.8
   1335.0   2455.4
    188.7   1694.1
   1457.9   1199.8
    193.4   1034.5
    276.4   2260.5
   1915.6   1956.5
    504.4   1694.9
   1394.9   1670.3
    408.7    146.5
   1431.7   1979.9
   2241.8   1405.2
    841.3   2607.3
   1958.3   1196.2
    112.6   1113.3
   2265.9    668.3
   1852.9   1009.8
   1629.1   2083.9
   1628.8   2561.2
    321.1   1855.2
   1108.3   2629.5
    991.4    608.6
   2558.2    117.5
    721.0    657.7
   1366.6   1859.5
    643.6    208.1
   2314.5   2481.5
   1883.2     94.1
   1359.6   1811.3
   1965.1    909.7
   1576.7   1798.7
   1356.7   2524.7
   2140.1   1512.0
    670.7    271.8
   2019.3   1645.6
    481.0   2308.9
   2421.4   1054.0
    867.5    669.3
   1772.0   1431.9
    592.5    525.3
   1873.7    797.3
    174.7   1251.4
   2372.2   1505.2
   2635.6    922.9
   1003.1    520.0
    426.7    107.3
     24.0     96.8
   1165.3    497.4
   1358.0     64.2
    869.5    874.2
   1054.8   2182.0
    888.4    446.7
    193.8   1445.5
   1940.0   1128.3
    103.1   2455.7
    404.1    269.6
   1919.6    230.0
    472.3   1315.6
   2365.8    488.7
     37.5    434.4
   1235.9   2590.4
    948.8   1739.8
   1231.5   2420.7
    482.9   1157.9
    230.0   2353.6
   1290.3    632.1
    469.0    722.6
    768.0    763.4
   2498.6   2081.6
    657.7    800.9
    851.7   1625.9
    516.7   2133.8
   1121.8   2594.6
    131.9   1566.2
   1091.9   1453.6
   2370.0   1691.7
   2363.6   2168.0
   2203.3    283.1
   1195.3   2589.5
   1402.2   1868.7
   1052.2    823.0
    594.7    161.9
   2142.9    424.5
     84.5   1638.6
   1887.4   2445.7
   1788.4   2637.0
   2375.7   2042.0
    223.9   1570.0
    519.4   1422.5
   2151.2    653.1
   1593.2   1920.1
   1500.0    441.3
   1189.3   1466.6
   2252.4   1447.2
    355.6   2519.3
   2050.0    279.5
    245.2   1333.6
    886.0   1449.7
    753.4   1167.9
   2494.7    241.6
   2465.5    338.7
   1064.1   2354.9
    361.5   2603.8
    348.4   2067.1
   2620.7   2570.8
   2035.6   1146.8
    220.7   2196.5
   2613.3   1132.8
    297.1   1559.9
   1759.2    395.1
   1293.4   1124.3
   1427.4   1495.7
   2248.7    613.9
   1753.8   1478.2
   1187.6   1370.4
   1441.6   1412.5
    720.9    317.5
   1049.8   1917.0
   1452.1    606.0
   1022.4   2348.9
   2271.0    557.7
   1682.8   1743.1
   2185.3   1511.6
   1495.4   1760.1
   1440.8   2231.0
   1652.5   2341.6
   2199.1    791.8
   2480.4    921.6
   1387.3   1786.8
   2503.8    967.1
   2293.0   1433.1
    879.3   1921.1
   1100.4   1196.6
   1357.3   1451.3
   1134.2    228.7
    510.5   2417.8
    191.1   1306.4
    561.9    267.0
   1702.4   2480.9
   1477.6   1793.6
    432.5   1991.0
   1226.3    959.7
    633.7   2021.5
   1160.1   1491.8
   2268.8    526.3
   1034.5    975.6
   1223.6   2231.9
   1448.1   2146.3
   1407.3   2422.7
    930.9   1179.9
   1225.7    193.1
   1691.6   2638.4
   1949.1   2406.6
    156.8   2534.3
    854.1   2252.9
   2004.1    341.8
   1379.8   1287.7
    890.7   1680.5
   2423.2    280.4
   2503.2   1467.6
    142.6   1956.2
   2612.2   2248.7
   2556.6   2636.0
   1857.2   2593.5
   1740.9   2482.0
    845.9    723.3
   1705.3    770.9
   2043.2    517.8
   1088.7     75.7
    919.9   2480.2
   2103.0    371.0
   2441.1    220.8
    507.0   1258.8
   1120.7    923.7
   1702.0    645.3
   2211.3    676.1
    399.1   2026.6
    670.7    484.2
   2582.9   2383.8
    717.0    949.5
   1545.3    793.8
    671.4    893.8
   1295.1   1394.7
   2160.8   1572.9
    969.4    129.1
   1926.2   2197.8
    255.5   2303.6
    136.8   2579.2
    403.2    194.8
    894.7    582.1
   1623.0   1266.0
    989.5   2217.9
   1952.1   2263.0
   1146.2   2193.8
   1881.6   2099.7
    853.4    557.7
   2361.3   2573.5
   1145.0    676.4
   1480.2   2142.4
   1013.1   1940.5
   1628.8    793.1
    142.2    844.3
    527.0    316.7
   1127.7    623.9
   2425.3   2169.8
    461.3    311.9
   1884.7    673.5
   1919.0   1882.3
   2335.9    939.7
    705.7   2046.2
   2124.5   1010.4
   2347.5    905.7
     26.3   1329.2
    612.4   2290.5
   2530.1    164.8
     40.2   2216.7
   2302.0   1905.0
   2579.0    161.3
   1410.9    792.1
   1436.5   1015.3
   2517.8    605.0
   1399.3    603.5
   1851.4    277.9
    826.4    109.8
   2261.0     42.2
    959.3   2554.1
   1573.0    897.8
    492.8   1570.2
   1081.1   1615.0
   1336.7   1782.2
    110.1   1377.2
   2338.4    451.3
   2049.4   1399.5
   2304.5   1604.6
    620.6   1515.1
    304.4   1730.3
    804.0     73.8
   1518.4   1731.7
   2481.8   1774.9
   1088.1   2036.4
     23.4   1753.4
   1118.5   1872.7
   1076.5    182.7
    723.6   2218.2
   1825.0    496.8
   1170.8    768.7
   1717.8   2382.5
    352.1   1723.9
   1623.3    631.8
   1515.4   2636.5
   2621.8    512.4
   2489.7   1181.5
   1585.6    315.3
   1070.5    381.9
    351.5    332.2
    710.5    397.3
   1269.1    451.4
    100.6   2042.7
   1197.2    210.2
    857.1    228.9
   1559.9    108.2
    885.0   1319.9
   1404.3   1314.8
   2045.8   1742.8
    846.7   1552.9
   1998.4   2206.8
   1984.7   2382.8
   2289.7   2433.3
   2050.1    904.8
   1551.2   1652.5
    739.8   1074.4
    461.6    243.8
   2141.0   1075.0
    548.0    873.6
   2527.6   1968.2
   1624.9    964.4
   1800.1    111.0
   1084.8    307.4
    300.4   2414.6
     74.8   1879.5
    344.5    931.8
   1899.2   1301.1
   2497.0    304.4
   2091.3   2185.6
   2280.4   1724.3
   1424.2   1152.5
   2419.0   2201.8
   2422.8    782.9
    104.9   1406.4
    629.9   1653.1
    966.6   1465.5
   1367.4   1186.0
   1268.3    795.4
    905.4    965.3
   2502.9    369.7
    946.1    870.3
    429.9   2333.4
    485.0    389.6
   1170.9   2391.6
   1128.2   1099.0
   1685.3   1960.4
    498.3    606.2
   2149.0    563.1
   2582.2    708.2
   2397.4     70.7
     33.4    200.6
   1238.6   1946.0
   1584.7   1088.6
   2073.3   1417.9
    280.9    704.3
   1086.4    261.0
    274.7    916.0
   1846.4   1383.3
   2525.7   2470.7
   2187.7   1370.7
    713.1   1839.3
    788.3   2025.1
   1911.2   2385.1
   1586.5    798.5
    321.1    895.0
   1031.4   1204.4
    962.9    401.8
    764.2   2202.0
   1445.6   1534.6
   2410.1    449.0
   1600.4     54.2
    501.5   1801.5
   2055.2   2412.3
   1692.5   2314.2
    298.1    975.0
   2453.5   1398.4
    332.0   1792.0
    136.7    682.0
    642.6   1016.4
   2261.3    789.5
   1300.9   1637.5
    267.3   1830.2
   1496.8   1063.8
   1309.5   1978.0
    141.4    106.7
    139.3   1613.9
   1235.2   1353.5
    738.3    344.1
   2335.7    105.2
   1525.0   1671.6
    800.4    345.9
   1299.8    222.1
    457.2    952.7
   1012.1   1120.6
     82.2   1532.4
     95.7    539.0
     39.6    896.4
   1308.5   2593.8
   1394.9   1021.4
   1533.2   1272.3
   1907.1   1341.1
   1436.5   1087.7
    663.6   1947.1
    910.8   2322.3
   1669.6    160.0
    189.8    188.5
   1477.7    765.6
   1988.3   1199.7
    140.4   1408.4
   1664.4    902.0
    909.2   1707.1
   2145.9   1834.0
   1485.6    405.7
   1299.3    471.4
   1692.4   2104.2
    204.5    947.0
   1329.9   2612.9
    556.9   2009.6
   2445.9    557.8
   1984.4   2147.1
   1122.8    700.3
    183.2    852.9
   2135.0   1231.4
   2215.5    612.5
   2258.3    105.3
   2452.4   1968.6
   1975.8    862.2
     79.7   1981.3
   1782.9   2147.6
   1860.1   1595.0
   1746.4    861.3
   1305.0   2504.6
   1750.1    966.4
   1358.5   1971.4
   1684.4   1353.5
   1150.4    975.6
   2379.3    787.1
    787.3   2325.7
    376.5   2185.4
   1865.9   1793.7
    116.0    290.6
   1065.6    639.4
   1679.9   2372.1
   2231.0   1575.9
    980.2    782.1
   1288.4   2273.1
    938.9   1112.1
   1042.8   2094.3
   2599.4   1488.4
    524.1   2289.7
    183.9   2629.6
   2052.1   1685.2
   1192.6    994.6
   2429.2   1493.0
   1315.8    757.6
    654.7    374.0
    815.8   2303.2
    797.8   1479.1
    972.1    655.0
   2507.7   1719.8
   1799.0    454.2
    325.6    601.3
    784.2   2058.8
    175.2   2032.4
    544.5    484.9
   1820.4   2295.1
    540.6   2098.0
   1043.8   2446.3
   2071.0    970.7
    957.7   1822.5
   1806.9   2418.3
    138.8   1155.3
    243.0    382.0
   1537.9   1147.9
    413.7    338.4
   2007.6     27.1
   2139.3   2590.3
    240.7    599.8
   1590.1   1284.5
   1907.9   2132.0
   2182.8    413.9
   1504.2     38.3
   1322.0   1142.8
    575.4   1065.7
    922.2    688.7
    803.3   1326.5
   2240.7     64.3
    231.2   2601.4
   1770.8    846.8
   1754.4   1580.4
   2622.9   2366.1
   1242.4   1629.0
    744.7    521.3
   1308.1   1469.8
    140.2   2507.4
    272.3   1489.9
    460.4    352.6
   1256.6   1872.4
   2075.6   1134.9
   2026.3   2292.2
    188.5    891.3
    378.9     20.2
   1766.4   1919.1
    167.7   1391.2
    817.4   1155.6
   2335.6   2356.6
   1957.3    708.5
   1475.6    970.6
   1414.8   1453.8
   1281.5   2043.4
   1403.8   1957.2
   2475.5   1835.3
   2122.8   1705.3
   2135.8   1796.5
   1580.7    219.2
   1701.8   1094.1
   1957.3   2579.3
    978.1   2444.9
   1332.1    283.8
   2268.1   1369.3
   2071.4   1711.8
   1888.7   2493.9
    166.8   1733.8
   1879.2    487.2
    471.3   2524.4
   2421.2   1452.0
   2579.5   1424.8
   1828.9   2599.6
   2506.6   1324.5
    180.7    440.7
   2059.6    426.7
    334.6     68.4
    449.5   1815.4
   1984.3   1737.4
    497.8    120.9
     83.8    850.9
   1592.8    947.3
   2110.7    330.1
   1816.4   1948.1
   2223.7    144.2
   1937.3   1091.9
   2201.5   1416.5
   2245.2   2356.5
     31.7    270.3
    720.4   1175.8
   1635.5   1943.2
    567.6   1569.1
   1495.4    249.0
    519.5    185.7
    319.0   2249.5
   2299.8   2561.6
   1277.6   1499.8
     73.7   1456.0
    961.6     76.4
   1844.8    173.4
   2571.8     55.7
    391.8   1339.2
    992.2   1275.1
   1868.2     64.2
   2334.7    526.7
   1146.1   1010.9
   1411.9     71.9
   1237.5   1904.7
   1938.9   1658.9
    103.1   1798.5
   2156.8   2548.3
   2309.8   1061.4
   2411.8   1982.4
   1679.2   1570.0
    165.5   1486.3
    153.2    428.2
    824.9   1414.2
   2133.1   2147.5
   1890.3    837.1
    908.1    422.2
   2436.4    352.7
   1410.6   1398.0
   2127.2   1975.8
   1215.2   2351.4
    615.0   1803.5
   2075.2   1083.7
   2447.2   2059.0
    382.6    789.7
    212.4   1092.0
   1318.9    864.3
   1624.5   1108.2
    952.2   2618.5
    449.4    196.5
   1414.2   1538.3
   1912.6     23.4
    278.0   2081.8
   1342.0   2578.0
     48.9   2338.9
   1118.2   2157.4
    652.4    590.3
   1033.6   1771.5
   2377.7   1009.0
   2286.5   1968.3
    838.7   2113.0
   2339.5    820.7
   1675.7   1230.7
   1013.0    742.5
   2361.2   1644.4
   1543.1   2049.7
   2096.5   1515.4
   1040.6    176.8
    983.8   1427.1
    823.1    780.2
   1887.4    264.7
    686.6    699.8
   1156.5   1648.4
   1677.8   1033.2
   2615.9   2200.8
   2213.9    821.3
   2396.0    815.9
     85.8    723.5
   1929.0    720.3
    762.4   2419.4
   1716.1   1977.4
   2054.7   2594.1
   2491.8    505.1
    945.0    522.9
   2392.2   1239.5
   1035.5   2524.0
   2461.3   2462.9
   1578.9   1722.2
   2536.4   1299.0
   2017.4   1900.6
   1871.7   1161.1
   1580.4   1172.7
   1477.7   1639.9
   1582.8   1526.4
   1212.6     73.0
   1411.1    857.5
   1233.6   1162.9
   2473.2   2621.8
   2086.6   2569.7
    953.7   1139.0
   1214.9   2444.4
   1091.0   2143.5
    683.0   2420.3
   1039.8   1665.9
    136.5    204.7
    610.2    343.9
   2140.8    811.7
   1730.3   1019.1
   2024.8   1783.4
   1556.4   2375.7
    743.4   2596.7
   1989.3   2042.6
   1212.7    646.6
    452.0   1442.3
   2023.7   1853.9
    366.3   1155.9
    675.3    312.0
   1131.9   2549.2
   1876.4    739.0
   2100.0   1027.5
   1982.4   1265.9
   2553.6   1836.1
   1901.0    910.9
    999.8    485.8
    575.3   1528.4
   2558.4    431.7
   1499.5   1481.8
    315.6   2482.2
    365.0   2451.5
     29.5   1113.0
   2539.6   1687.6
    709.1   1045.4
   1529.0    958.9
     65.2    223.3
   2266.4    402.2
   1293.5     98.6
   2110.2   1262.8
   2431.3   1158.4
   2337.7   2589.2
   1647.8    651.8
    533.0   2346.2
    619.6   1054.6
    867.1   2494.8
    404.8    588.1
    939.9    204.3
    588.9    587.9
    307.6   1290.9
    554.8    901.7
     93.7   1235.3
    827.5   1730.9
   1046.4   1997.2
   1568.6   2185.8
   1007.9   2192.4
   1760.6   1146.6
   2192.1   1721.3
   1992.9   2339.0
    157.1    576.2
   2458.4   1023.3
   1558.2    742.3
   1825.1   2131.3
   2223.5    850.4
   1273.8   2533.5
    216.3    404.6
    821.7    699.7
    976.9     26.5
    389.6   1530.0
    157.4    763.1
    575.3     24.9
   1953.3   1826.3
   2079.9   1868.9
   1471.4    940.3
   1568.1   1427.8
   1880.6    966.7
    395.7   2597.6
   2439.2    675.7
    314.6   2001.6
   1040.7    130.9
    700.1    615.1
   1795.2    678.3
   2531.8    482.1
   1321.7   1203.1
   1243.0   1422.2
    646.4   2347.7
    229.8    348.3
   1473.0   2473.7
   1682.5    511.1
    886.3   2250.6
    241.2    313.6
    311.5    404.0
   2396.1   2238.7
   1215.0    298.2
   2433.4    193.8
    523.4   1875.8
   2335.4    970.3
   1318.7   2107.4
   1101.1   1506.0
   2450.1   1699.2
   2149.5   1446.6
   1599.3   1996.5
    716.3   1915.0
    302.9   1069.6
    873.9    190.1
   2162.4   2376.0
   2366.0    122.8
   2166.0    285.7
   2040.9    767.1
   1724.0   2549.7
     37.7   1826.4
     37.0   1409.3
    528.5   2624.7
   1625.0    310.5
    855.9   1293.0
   1784.1   2104.5
   2110.3    128.3
   2611.7   1771.1
   1565.6   1930.4
   1077.7   2455.3
   2223.7   2240.4
   2196.8    912.9
   1926.1   1041.6
   1552.8   1859.9
    624.7   1562.8
   1832.2    457.3
    174.1   1890.5
    442.5    566.3
   2486.6   1874.8
   1708.2   2231.3
    751.1   1543.5
   1651.6   2400.1
   2455.0    903.2
   1026.8    290.5
   1117.7    130.2
   2004.1    609.6
    428.1   2438.3
   1624.6    718.6
    742.7   1419.2
   2049.2   1045.2
   1995.7   1457.1
   1463.6   1070.7
   1047.6   1718.3
    831.8   1673.2
    907.6     85.5
   2409.7    390.9
    546.2     48.3
    503.3   1741.9
    593.7   2113.5
    856.3   1477.2
   2589.9   2594.8
    551.1    391.4
   1909.9    567.3
   2493.5   1659.6
   2508.4   2006.3
   1742.1    182.2
   2602.7   1631.0
   2100.8   1548.5
    572.5   1393.0
   2318.5   2408.1
   1268.3    741.4
   2359.9     74.1
     37.3   2052.5
    813.1    575.8
    579.8     71.6
    308.6   2520.9
   2492.5   1100.2
   1563.8   1339.2
   1267.2   1011.6
   1043.5    482.8
   1834.8    771.4
    688.9     74.5
   1469.0   2033.0
   1460.9   2535.2
    848.7   2375.0
   2587.9   2544.0
   2370.5    645.9
   2073.2   1761.6
   1410.1    749.3
    648.6   1766.5
    259.9    774.3
   1112.8    836.1
    872.5    845.7
   2638.9   1479.0
     67.4   1075.0
    922.4   1939.1
   1547.9   2299.4
   1645.3   2436.1
   1778.5    637.2
   1188.3   2225.0
    394.4    412.3
    930.3   2022.0
    600.8   1447.4
    279.2   1989.3
    598.5   1140.0
   1409.8   2062.5
     26.3   1370.9
    305.8    826.2
    781.9   1520.9
   1721.8   2441.0
   1252.6   1193.2
    101.4   2632.2
   2343.7   1085.6
   1777.5   2248.0
    267.0   1203.0
   1853.2   2223.6
    980.6   2632.9
   1402.3   1104.2
   2531.2    235.5
    384.2    656.0
   2403.1   1520.3
     96.2     42.8
   1879.2   1353.3
   1893.5   2201.0
   1324.8    967.3
   2114.9   2031.5
   1238.7    244.1
    770.3   1826.8
   1446.1   1626.2
    452.0   1294.3
   2605.0    946.6
   1980.3    203.6
   1446.1     92.7
    620.4    803.0
   2012.7   1349.2
    226.2   1712.1
   1551.4   2487.6
   1194.8   1835.3
   2159.5   2617.3
   1914.1   1389.7
   1789.7   1317.2
   1897.2    459.3
     51.5    169.4
   1622.9    567.0
    838.6    370.0
   1041.4   1077.4
   1750.5    315.7
   2205.5   1097.8
   1698.8    917.1
    120.5    394.3
   2467.7   2036.9
   1865.0   1934.3
   2242.9   1315.9
    752.9    382.2
    257.0    737.2
    943.6   1913.7
   1858.3    625.8
    422.0   1551.2
   2595.7    297.9
   1969.4   1513.6
    553.4   2263.1
     45.4    847.4
    927.4   1347.4
   1589.9    749.3
   1854.5   2391.6
   2466.6   2580.6
   2182.7   1648.6
   1846.2   2020.1
   1313.7    612.2
   2574.4   1682.3
   2082.0    582.4
   1052.7    694.2
   1214.3    527.8
     45.3   1009.2
   1028.0    259.2
   1657.9   2229.5
    542.2    236.0
   2259.9   2138.8
   2517.8   2183.6
    680.4   2167.5
   2564.4   1910.4
    507.4   1223.0
   2093.5   2380.6
    875.5    276.1
   1095.2   2305.4
   2449.8    620.8
    973.8   1702.1
   1904.6   1204.2
    289.1   2169.3
    905.0   1591.2
    706.3   2460.9
    233.9    635.6
   1907.5    432.5
   2634.6   2138.8
    619.9    579.6
   1076.3   2079.7
   1257.1     46.9
    684.2   2271.3
    999.1   1591.8
   1255.7    593.1
    317.1   1633.7
    251.2   2001.3
   1033.3    599.2
   1046.0   2629.0
    467.5   1970.7
   2453.5    826.1
   1281.7    524.2
   1728.0   2006.9
    258.9   1868.5
   2329.4   1496.6
    368.0   1041.6
   1414.3   1796.9
   1702.1   1206.9
   1060.7   1859.7
    528.2   1030.2
   1138.5   2412.5
   1260.9   2307.3
   1579.4   2408.7
   1735.2   1307.3
   1604.9   1136.2
   1891.8   2257.1
    452.5    157.6
   1632.0   1193.8
   1843.3   1846.3
   1536.3   2117.7
   2192.3    335.4
    708.5    218.2
    729.3    595.9
    469.8    811.6
   1764.6    761.0
   1760.6   1961.0
     75.9   1349.5
   2128.1    945.6
    460.7   1542.6
   1749.1   2587.6
   2606.8    619.2
   1520.2   1892.9
   1481.2   2058.3
   1136.4   1624.0
   2157.9   2458.7
   1284.1    275.3
    578.7   1019.2
    433.6    490.4
   1178.0   2293.6
   2119.9    608.6
    277.1   1445.9
    474.0    585.4
   1724.5    225.4
   2336.9    183.0
   1085.6   1986.0
   2618.7   1304.2
    435.0   2104.3
    517.6   1304.1
   2053.5   2317.5
    635.8   2252.4
     51.0    360.4
   2300.4   2096.2
    384.0   2260.6
    579.4   1321.4
   2435.0     76.3
    544.5   1512.4
   1194.5   1280.7
    715.3   2273.3
    431.9    360.2
     22.2    624.0
   2514.1    639.0
    387.8   1004.1
    366.6    228.6
    638.6    465.4
   1377.7    843.2
   2393.5    333.1
    173.9   2124.8
   2330.8    763.1
   1188.2   2341.1
    655.8   1133.9
    473.5   2414.9
   2507.8   1837.6
    297.9    611.6
   1330.5   1823.0
   1988.8    251.8
    379.8    323.6
    421.3   2075.9
   2220.7   1615.1
   2502.6     45.3
   2307.3   1709.0
   2561.6   1962.1
    711.5   1377.2
    176.0   1820.8
     91.0   2258.1
   1986.4   1936.0
   1331.9   2273.6
   1433.3   1180.7
   1035.2   1037.3
   1601.8   2032.6
   1365.2    965.4
    895.9    790.0
   1809.1   2571.6
   2611.8    893.6
    475.6   1037.8
   2597.6   2141.0
   2205.4   1943.0
   2104.3    745.5
    203.1   1602.6
   2283.3   2216.8
   1571.2   2063.0
   1011.6   1317.1
    335.3    517.3
    481.4    273.6
   2075.0    702.2
   2005.0    989.9
    264.7   2564.2
    157.6   1064.0
   1309.0   2236.8
   1607.6   1703.5
   1121.1     54.5
   1326.7    544.2
   1610.8    230.3
     51.1    681.1
    291.2    523.9
   1815.3    249.0
    279.3    657.4
   1453.5   1040.3
   1942.6    280.4
    282.4   2371.9
   1444.6   2321.5
   2217.9    460.2
   2149.3    921.9
   2605.1   1179.2
   1675.3     38.5
   1103.7   2238.2
    745.7    436.6
   2038.4    981.6
   2024.5   1298.2
   1072.6   2325.1
   1106.5   1269.9
   2604.0   2051.6
   1360.3    451.8
   1833.4   1779.4
   1646.3   1308.5
   1212.2   2619.0
   1751.2   2088.2
    287.8    554.9
    405.4    374.5
   1433.6   1835.1
   2108.1   1057.0
   2606.7   1256.8
   1660.2   1167.1
   1275.8   2606.9
   1743.4    608.8
   1131.3    432.8
    316.0   2332.6
   2140.6   2098.4
   2377.3   1344.2
   2232.1    547.0
   1122.8   1934.3
    907.2   2136.6
   2363.7   2210.1
    795.4   1852.8
    908.6   2630.4
    806.3    415.1
    531.4   1783.8
   1718.4   2070.7
   1477.0   1931.7
   2636.3    373.4
    372.9   1702.5
   2546.9   2055.2
    793.0   1254.0
   2540.1   1609.1
     94.1   1609.6
   1689.5   1386.1
   2237.3   2598.6
    765.9   2561.7
   2252.2   2232.3
     35.4   1911.8
    261.4   2601.7
    726.5     85.1
   2054.7    324.2
   1633.3    867.8
    586.1    772.7
    358.9   1513.8
    245.8   2392.2
    290.7   1682.8
    473.3   2639.0
    453.7    636.5
   2564.7    242.8
   1452.3    850.7
    939.3   1680.0
   1759.8    147.5
    436.7    755.9
    288.7   2030.5
   1826.2   2211.2
   1746.4   1075.3
   1752.4   1734.7
   2309.9   2189.7
    875.8   1868.5
    373.9   1844.3
    768.0    807.8
    355.9    150.9
   2112.1    897.9
    424.8   1155.7
    417.1     36.9
    674.2   2135.0
   1004.3   1381.4
   1341.2    641.0
    499.9   1059.4
   2005.2    175.8
   1018.5    663.9
    161.7    907.6
   2489.9   2262.5
   1003.0   1637.8
    253.8   2178.7
   1216.3   2292.2
   2147.2    247.6
   1552.5   2615.9
   1254.9     86.1
   1772.2    443.2
   1354.7    765.2
    999.9   2101.8
   1465.6   1723.4
    368.0   1760.5
    404.4   2457.6
   1937.7    916.2
   1634.6   1767.0
   1652.1   1008.5
    958.7   2091.1
    367.4   1886.4
    896.6   1219.3
   1836.4   1636.3
    461.5   2339.1
   1180.2   2059.6
    862.0   2280.2
   1794.0   1465.8
   2106.6   1608.6
    355.6   2118.3
    912.4    273.0
    767.2   1030.5
   2052.9   1551.1
   1372.4    512.0
    977.6   1798.4
    988.2     60.3
    520.0    749.4
   2300.2   1940.3
   1594.9    558.9
   1135.2    874.7
    581.8   1651.1
    971.0    963.6
   1084.3   2275.6
    550.0   2546.5
   1222.5   2016.1
    651.9   2050.4
    611.0   1931.6
    813.9   2251.0
   1683.1   2245.0
   2597.8   1705.2
    782.7   1353.8
   1516.2   1089.3
    711.9    109.4
   2512.3   1501.6
   2216.0   2337.4
   1955.7   1774.2
   1842.5   2499.0
   1915.7   2547.5
   2618.0   2076.8
   1771.2   2558.7
   2338.9   1026.9
   1803.8   2073.8
   2137.6     96.1
   2405.3   1079.8
   2429.3   1585.9
    604.4   1829.8
   1913.4   2040.0
   1144.2    905.9
   1163.0   2530.1
   2199.6   2479.6
    518.5    643.4
   1183.9   1174.6
    751.6   1659.9
   1376.7   2355.7
    537.2   1458.1
    541.2   2424.4
   1723.7   2313.3
   1173.9    372.9
   1333.2   2325.0
   1623.5   2291.2
   1401.8   1054.1
   2508.4     83.7
   1337.0   1934.7
   1558.6    170.2
    450.8   2253.4
   1469.9    360.2
   1253.5   2374.8
     41.4    964.7
   2558.9   1244.2
     49.0    571.3
   1825.2   2381.8
    126.7    899.9
     28.1     53.2
   1324.7   1898.2
   2456.0   1108.5
   2502.1    182.4
   2185.6   1892.9
   1239.4   2534.3
   2532.9   1442.4
    142.0   2070.6
   1768.4   2467.7
    475.6   1119.3
    222.0    260.6
    355.7   2313.8
   2219.2   1143.9
    857.6   2542.8
    797.5   1090.0
   2493.0   1926.9
   1308.8   2025.1
    162.4   1679.6
   2534.0    784.7
    399.5   2115.4
   1570.6    408.1
   2454.5    765.3
   2140.8   1152.3
   2156.2   1485.5
   2460.2   1205.5
   1193.4    111.5
   1027.1   1436.6
   1589.7   2610.0
    144.2     73.5
   1368.5    604.6
     61.1   2514.0
   2370.2    529.3
   1158.7   1342.8
   2567.1    773.6
   1053.4   2495.2
   1727.2   2143.1
   1154.4   2339.5
   1803.0   1079.5
    202.9   1258.5
   1320.1    422.6
    265.1   1312.2
   1875.3    307.1
    246.4   2147.2
    201.9   1390.4
   2308.8   1541.5
   2110.5   1850.8
   2578.8    386.4
   2275.5   1090.1
   1395.7   2120.3
   1441.0    755.8
    107.6    663.2
   2213.8   2170.9
   1008.8    230.5
   1303.7    839.0
   1461.5     61.0
   1136.6    194.4
   2185.3   1979.3
   1775.4   1869.7
    949.2   2344.5
   1482.1   2261.8
    697.0   1263.6
   1530.5    386.8
   1359.4   1570.2
    761.9   2011.0
   2428.0   1243.9
   2533.5   1478.0
   1428.2    337.6
    730.2    471.2
   1775.0     87.6
   1728.3   1396.6
    621.4    513.5
     91.8    602.1
   1711.7    717.1
     45.6   1176.0
   1373.2    418.0
    921.7    741.0
   1654.4   2497.4
   1654.5   2622.0
   1396.1    976.5
    594.6   2477.6
   1517.2    635.3
   1733.9    423.9
   1774.2   2067.8
   1146.2   1772.5
    736.1   1607.2
   2624.3   1228.8
   2338.1    418.1
   2412.9    564.4
   1140.2   2458.4
   1674.6   2045.8
   1606.8   1599.9
   1960.2   1457.4
   2300.7    930.5
   1514.3    497.5
   1998.4    370.7
   1811.4   1354.5
   1793.7    335.0
   2482.9    460.5
    581.4    637.5
   2229.8    505.3
   1503.9     89.1
   2328.6     63.0
    201.9   1122.2
   1583.0   1669.5
    520.1   1388.7
   1174.7    315.8
    575.9   2079.6
   2031.4   2003.4
   1498.7    793.7
   2182.7   2354.9
   1434.0    414.8
   1737.4   1255.5
   2347.3    737.3
    578.3   2144.1
    315.8    108.0
    681.9    559.4
    116.7   1707.6
    349.4   1445.0
   1710.1   1900.8
   1827.9   2165.8
   1771.6   1533.1
   1945.7   1246.2
   2609.0    436.9
    887.3    552.3
   1283.7   2221.3
   1509.0   1608.5
   1573.2   1834.8
   1558.4   2521.7
    857.4    165.6
   2475.2    534.5
   1737.6   1622.5
    863.2     56.9
    440.3   2160.6
   2116.3   1651.7
   1521.9   2450.2
   1997.2    484.6
    799.1   2422.5
    190.1    117.9
   1205.9   2398.8
   1845.2   2563.1
   2565.4    195.5
   1886.3   1903.5
   2184.4   1854.6
    618.3   2068.5
   1522.1   2287.4
    221.0   2518.9
    406.4   1429.9
    352.3    441.0
   2018.0   1072.9
   2198.4    212.2
   1301.6   1769.7
     58.0    734.3
     22.2   1454.5
    901.4   1794.2
    513.6   2368.5
   1854.4   1196.9
   2221.6    416.1
   2032.6   1439.3
   1316.3   1333.6
    162.7   2179.0
     74.0   2186.6
   2527.3   1366.5
    172.6   2400.0
    970.1    338.5
    439.5   1359.8
   1058.5   2542.5
   1046.8   1411.3
   1879.4   1526.7
    252.2    895.6
   1185.6   1099.7
   1596.9   2343.0
    438.0    597.2
    639.0   1690.5
   1780.0    719.8
   1837.8   2099.7
   1685.7   2589.9
   2165.0   1912.9
   1379.7   1937.5
    998.7    401.3
   1794.1   1770.0
    229.4    448.6
    387.6    555.3
   1828.6    820.3
    211.1   1218.7
    292.1   1413.1
   1763.2   1658.9
    267.4   1649.9
   2633.4    407.6
    944.2   1528.4
   1555.8    620.2
   1081.6   1327.2
   1424.6   2376.0
    152.8   2464.1
    836.1   1078.5
   1157.6    709.1
    959.9   1181.7
    715.0   1573.8
   1392.5   1213.8
    149.5    273.1
   1555.0   2149.0
   1699.7    178.8

# vim:ft=conf
