# app_connect_id = 10
# connect_stmt_id = 9
# tags_tx = file9-srv
# tag_rx = file9-cl
18153289 536
18176624 1072
18189335 1608
18248764 2144
18310513 2680
18335762 3216
18427526 3752
18450808 4288
18463246 4824
18478922 5360
19677405 5896
19680487 6432
19765851 6968
19794600 7504
19820500 8040
19821968 8576
19855765 9112
19883592 9648
19943335 10184
19947515 10720
20038701 11256
20051769 11792
20063299 12328
20129421 12864
20135804 13400
21231167 13936
21266536 14472
21288524 15008
21305722 15544
21324881 16080
21342796 16616
21367160 17152
21436421 17688
21461543 18224
21520827 18760
21546232 19296
21563504 19832
21584983 20368
22693733 20904
22704934 21440
22785116 21976
22789853 22512
22801503 23048
22802196 23584
22873647 24120
22885875 24656
22914296 25192
22914920 25728
22935846 26264
22956955 26800
22977328 27336
22988940 27872
23071786 28408
23079782 28944
24126404 29480
24142209 30016
24184341 30552
24186134 31088
24198149 31624
24245447 32160
24254899 32696
24303038 33232
24320128 33768
24374172 34304
24401379 34840
24415584 35376
24436237 35912
24475776 36448
24499657 36984
24521205 37520
24564640 38056
24572697 38592
24603343 39128
25821030 39664
25840669 40200
25859709 40736
25876935 41272
25912219 41808
25913291 42344
25999923 42880
26036517 43416
26098797 43952
26114424 44488
26136583 45024
26211432 45560
26255972 46096
26264482 46632
26315710 47168
26320732 47704
27482631 51992
27518137 52528
27535826 53064
27558023 53600
27585850 54136
27598232 54672
27619997 55208
27646662 55744
27654425 56280
27697210 56816
27703428 57352
27713983 57888
27721810 58424
27736608 58960
27752507 59496
27765919 60032
27785055 60568
27802279 61104
27846390 61640
27869782 62176
27899440 62712
27933180 63248
27964818 63784
27982481 64320
28011221 64856
28080736 65392
29168457 65928
29177993 66464
29232034 67000
29233933 67536
29239704 68072
29245103 68608
29258018 69144
29319987 69680
29601421 74504
29618892 75040
30512248 75576
30522773 76112
30543442 76648
30579644 77184
30599851 77720
30617192 78256
30653763 78792
30706568 79328
30720889 79864
30727151 80400
30746622 80936
30781966 81472
30806710 82008
30823734 82544
30857537 83080
30893081 83616
30918437 84152
30951689 84688
30987527 85224
32925247 85760
32945700 86296
33073997 86832
33094236 87368
33134674 87904
33136270 88440
33223879 88976
33241288 89512
33252568 90048
33497067 90584
40591867 91120
40599018 91656
40619146 92192
40627175 92728
40707098 93264
40716103 93800
40728755 94336
40757575 94872
40775994 95408
40794676 95944
40818784 96480
40837252 97016
40858993 97552
40867130 98088
40898535 98624
40904337 99160
40947057 99696
40953270 100232
40969314 100768
40979933 101304
44113651 101840
44341572 102376
44359935 102912
44388156 103448
44403167 103984
44422952 104520
44436093 105056
44455412 105592
44479641 106128
44505029 106664
44505473 107200
44518172 107736
44525454 108272
44560820 108808
44566183 109344
44570906 109880
44580537 110416
45654322 110952
45879336 111488
45894173 112024
45918870 112560
45936299 113096
45959198 113632
45972264 114168
46039174 114704
46063637 115240
46106039 115776
46112503 116312
46120481 116848
46153734 117384
46240680 117920
46247980 118456
46259235 118992
46266012 119528
46284011 120064
46322541 120600
46324267 121136
46350511 121672
46355965 122208
46362459 122744
46389293 123280
46407111 123816
46446463 124352
46460909 124888
46463130 125424
46480132 125960
46511937 126496
46533382 127032
46584652 127568
47685693 128104
47691655 128640
47719788 129176
47738923 129712
47789182 130248
47791251 130784
47809419 131320
47852332 131856
47860251 132392
47864644 132928
47881345 133464
47905446 134000
47921821 134536
47947011 135072
47995300 135608
48004010 136144
48031519 136680
48093195 137216
49927753 137752
49968537 138288
49996263 138824
50103406 140432
50114731 140968
50153632 141504
50163756 142040
50184032 142576
57317557 143112
57543042 143648
57556201 144184
