# 750 nos mesh — posicoes lista (seed=511)

ns3::ListPositionAllocator
      0.0      0.0
    192.0    213.3
    406.2   1199.1
    354.7    456.7
   1359.9    226.9
    908.8   1306.0
    503.6    149.2
    137.9   1296.6
    674.0    178.8
     75.9   1414.1
   1245.1   1588.0
    996.0   1272.0
    968.8    623.9
    156.8    132.6
    138.6    468.1
    631.8    415.0
    896.0    850.7
   1157.8   1580.4
    209.9    581.7
   1400.5    198.0
     43.1   1255.4
    595.9    132.3
    111.8   1539.8
   1072.6    282.7
   1540.6    860.3
   1214.9    880.5
     60.7    797.0
    411.2   1489.1
    676.6    314.6
   1441.8     97.7
    226.1   1039.4
    118.0    224.7
    284.8   1559.5
   1540.3   1431.8
   1061.4    622.3
    716.4    770.6
     77.4    686.1
   1267.1    582.8
   1400.7    674.1
    725.7    422.6
    509.3     23.5
   1459.7   1451.5
    384.8   1004.4
    732.9   1074.5
    354.7    239.8
    165.2    982.7
   1351.1    131.0
    437.2    711.3
    871.9    337.1
    342.2    816.3
   1019.6   1431.0
   1133.7    323.6
    624.1    950.7
   1474.4   1199.5
    113.9   1274.7
   1170.9   1428.2
    357.5   1480.6
   1145.2    531.6
   1375.1   1093.6
   1561.0   1308.2
     73.6     95.2
    534.8    157.5
    101.3    526.4
    350.1   1548.3
   1554.7    417.8
   1520.6    998.7
   1262.6   1168.5
    255.8    670.4
    802.3    264.8
    570.0   1221.2
    696.9    721.2
   1423.7   1600.4
    285.2    702.1
   1005.6    801.8
    692.7   1164.0
   1504.0   1110.3
    233.4    702.7
   1289.3    209.5
   1370.3    447.9
     98.6    650.5
    378.1    828.5
   1214.8   1019.2
   1053.1   1095.1
    404.9   1296.4
   1587.3    256.3
   1534.8   1231.7
   1123.0    980.1
    734.5   1475.7
    629.9    478.8
   1169.4   1384.2
    450.5   1481.2
    497.8    572.0
   1547.1    642.1
    302.2    975.4
    760.1    444.9
    160.4    347.9
   1491.5     84.2
    206.0   1094.4
    287.1    861.6
    850.1    834.6
    914.9    571.1
    490.9    242.1
    526.9    710.4
   1489.5    968.4
    299.0   1264.5
    891.0    486.3
    593.9   1297.0
    122.4    734.5
     80.4   1521.0
   1449.1   1080.8
   1400.4   1553.4
   1506.8    213.8
    796.2   1437.3
    296.9   1404.9
    747.1   1536.1
   1043.9   1540.8
    867.3    566.5
    656.7    944.0
   1152.3    973.0
    907.8    336.4
    657.3    842.9
    896.2    748.9
    320.6   1539.3
    302.7     31.5
    536.8   1366.2
    862.3    123.6
    165.3   1371.9
    536.5   1093.4
    130.3    981.8
   1037.2    421.0
   1357.9    704.7
    570.4   1094.3
   1155.4    590.3
    735.3   1331.9
    997.6     89.5
    640.6   1548.7
   1160.3   1202.7
    804.1    819.2
    224.4    184.4
    431.5    348.8
   1249.1    548.7
    401.0   1078.2
    567.9   1160.3
    985.6   1090.6
   1300.2    355.1
    820.0   1315.7
   1331.1    603.2
    453.6    847.0
     37.6   1429.2
     80.6    900.4
   1105.6    161.2
   1476.0    228.5
   1397.1    733.1
   1522.9    929.9
    506.3   1160.5
    553.0    212.1
   1275.5    528.1
    459.8    223.0
    263.9    507.5
   1393.5    964.7
   1203.4   1302.6
   1556.4    377.1
   1557.1     52.9
   1463.9    372.6
   1217.7    128.9
    296.4    618.1
   1252.3   1352.4
    151.6     42.6
   1143.0   1020.4
    149.4    826.0
    689.4    758.0
   1493.7    652.1
    578.1    459.1
   1403.3   1193.6
    113.0    265.3
   1036.4    471.7
    539.4    514.9
    831.2    463.9
    339.3    562.9
    989.3    579.8
    747.7   1156.9
    153.6    495.6
    208.4    787.0
   1311.3    883.8
   1144.9   1549.7
   1375.1    358.4
   1231.5   1126.2
   1085.0    668.7
   1430.8   1278.6
    957.6   1513.8
    535.3    845.0
    916.8   1149.5
    164.1    223.5
     65.8    594.6
    708.9    892.6
   1428.5    711.5
   1158.6    672.9
   1457.3   1492.3
   1590.0    665.8
    642.0    883.8
    761.1   1222.7
    793.4    592.0
   1055.3   1471.6
   1546.2    958.9
    616.7   1481.2
   1083.6   1151.7
   1574.2    749.4
    904.7   1019.8
    437.1   1545.3
   1063.9   1387.7
    699.5    608.2
    611.6   1188.3
   1553.2    809.1
    735.3    190.2
    541.8   1470.7
     97.8   1346.6
   1523.3   1040.1
    269.6    183.6
    338.9    931.3
   1505.3    437.0
    651.1    689.7
   1205.8    836.9
    450.0    935.8
    460.2    368.7
    826.6    647.7
   1450.8   1542.0
   1272.9    865.2
   1085.3    365.1
   1036.6    305.9
   1084.6    840.3
    987.1    696.0
   1531.0    248.8
    956.4   1398.5
    875.5     75.7
   1545.1   1496.5
   1256.1    366.6
   1444.6    252.1
    167.9   1283.7
    282.7   1166.4
   1141.8   1472.7
   1489.1    523.6
   1015.1     33.2
    974.6    860.7
   1260.7     84.1
    862.3    789.9
   1592.1    298.7
    942.1     73.0
   1569.6    163.5
    603.7   1384.2
   1591.5   1526.9
   1413.9   1045.8
    502.6   1575.1
    152.4   1488.3
    815.1    882.3
    232.3   1157.2
   1119.1   1568.9
   1166.8    185.9
    646.1    295.5
    367.8    425.0
    134.9    556.6
    475.2   1050.9
   1043.9    339.9
    572.8    543.3
    111.1    429.3
     98.6    600.9
   1140.8     98.3
   1118.9    661.8
    783.2    666.1
    407.8   1147.2
     34.7   1227.2
   1311.2    326.2
    689.0    810.2
    953.8    707.6
   1604.3    795.8
   1484.1    690.1
   1579.9    634.0
    830.8   1432.5
    295.2   1514.6
    611.3    651.3
    287.1    933.4
   1204.0    265.6
    741.6    591.5
    804.6    920.4
    396.8   1529.4
    952.8   1038.8
   1557.9   1393.8
   1398.6   1234.1
   1034.1   1381.5
     60.0    658.7
    210.9    853.9
   1167.7    297.9
    514.4   1208.3
   1600.4    862.0
    281.5    424.4
    705.6    937.4
    716.1    394.6
    895.2   1194.3
   1547.0   1361.0
   1508.0    339.5
   1227.0    464.6
   1271.4    954.7
   1448.4   1332.6
    668.7    907.9
    807.4    521.0
    511.4    993.5
   1298.9    788.1
   1296.3    268.8
   1366.0    819.2
    142.8    767.3
    474.7    126.5
   1313.5   1339.2
    399.9    273.4
    852.3   1579.0
   1433.5    610.7
    114.6   1057.4
    947.2    463.2
     49.7   1157.7
    985.1    214.0
    153.5    854.0
    697.8     75.5
    646.1   1466.9
    727.5   1515.8
    352.2   1372.8
    201.3    354.9
   1581.4    468.2
    910.4     67.4
    334.3   1513.8
    448.1   1367.8
    251.5    405.1
    963.9    942.0
    353.2   1425.1
    398.6   1376.4
   1129.1   1201.5
     65.2    378.1
    124.0    328.7
    135.6    696.4
   1170.3   1338.8
    923.9   1508.5
   1217.1    718.6
    317.3   1013.5
     85.5    323.3
    695.8   1315.7
   1075.8    140.7
    818.4    373.7
   1370.6   1486.7
    868.5   1412.3
    763.7    211.7
    391.7    558.7
    816.6   1098.6
    560.5    253.0
   1428.8    479.9
   1588.9    581.7
   1171.5   1504.8
    494.4    442.4
    289.6    557.8
     27.0    327.5
    722.7   1024.1
    192.7    425.9
   1597.9    198.7
   1017.1   1525.9
   1395.4    842.0
    454.2   1419.3
    670.8    646.7
    712.5    968.0
   1283.0   1077.1
   1041.2    919.3
    547.6    769.4
   1234.4   1294.7
    634.5    513.6
   1529.5    116.2
   1122.3   1326.3
    490.6    614.2
     29.5    467.6
   1591.3    348.0
   1015.6    748.0
   1463.8    755.9
    785.0   1163.3
   1080.1    440.3
   1482.3    734.8
    918.4    145.2
   1147.7   1285.7
    608.8   1093.2
   1560.1    224.2
   1203.8   1144.5
    778.6    850.4
    340.7    162.9
   1126.9    783.8
    719.5    133.1
    369.6   1028.4
   1337.2   1309.2
   1366.1   1310.7
    654.9    148.1
    803.8   1512.9
    705.2    108.5
    486.3   1601.1
    446.0    155.0
    122.7   1487.9
   1228.1    649.8
    657.2   1200.0
   1019.3    244.6
   1279.2   1510.5
    475.5    904.0
    491.8    275.4
    695.5   1504.5
    713.7   1285.4
     65.2    971.9
   1555.1    921.5
    661.3   1307.9
    289.9    337.9
   1288.3   1568.4
    918.6   1550.8
    230.6   1002.0
    111.6    884.7
   1041.0   1579.8
   1019.9    827.3
    850.9    973.8
   1043.8    107.5
   1168.1   1089.6
    403.6    954.1
   1071.7    980.1
   1367.4    876.1
   1456.9    792.2
    423.3     42.1
    856.9    531.1
    835.4   1507.2
    903.4    234.7
    229.7    953.8
    137.1   1177.6
     79.8   1575.1
    795.2   1584.8
    316.8    278.3
    826.0    784.1
    308.3    393.3
    118.1    194.2
    905.7    393.7
    551.8    938.8
   1183.8    792.5
   1270.6   1246.6
   1008.7    882.6
    302.4    675.6
    525.8   1261.6
    148.4    280.5
    184.6    640.3
    556.0   1294.7
    190.3    694.4
    961.8    351.6
    268.4   1324.5
   1411.3    646.3
    440.8   1188.8
    965.6     40.4
    323.1    343.1
    992.7   1051.8
    388.1   1252.5
    945.4   1569.1
    778.1   1364.9
    566.8   1020.5
   1343.3     47.2
   1519.4    809.5
    979.8    501.5
     70.4    833.7
   1273.4    812.9
    833.9    103.1
   1411.2    537.1
   1198.9    973.3
   1390.3    927.4
    503.0    805.3
    221.3    325.9
   1581.8    831.2
    153.9    644.3
    302.4    209.9
    333.8   1060.2
    228.1    905.0
   1173.8    541.9
   1431.4    191.5
    900.5    917.6
   1286.4   1355.8
     66.7    517.6
    377.7    105.0
    619.6   1160.5
    934.3   1328.8
     79.9   1470.1
   1259.0    786.5
   1083.4   1090.2
   1332.1   1468.3
    721.9   1141.9
   1211.3    206.6
    880.9    459.6
    991.3    979.7
    373.8   1103.4
    245.6    446.7
    261.5   1420.8
    418.7    924.1
    246.2   1296.7
   1045.6    739.4
   1450.7    869.8
   1130.7    282.8
    562.5   1579.4
   1102.1   1272.5
    602.3    417.0
    844.2   1350.8
    888.1    670.8
   1445.7    126.5
     96.9    721.4
    490.1    394.0
   1459.3    281.0
   1117.4    445.5
    776.5    281.3
   1351.0    658.8
    239.6    377.9
     66.9    926.6
    915.4    604.8
    419.3    671.4
    409.0    212.0
    210.8   1441.7
    836.2    493.7
   1447.2    976.4
   1154.9    342.2
    625.2   1217.3
   1281.2   1001.3
   1227.2   1507.5
    570.2    806.1
    905.5   1339.5
    872.8    924.7
   1093.2   1463.5
   1446.5   1237.3
    352.7    633.1
    231.6    536.9
   1091.2    729.6
   1331.1    862.3
    916.5    104.6
    146.2   1327.6
    709.2   1227.0
    251.8    255.8
    284.8   1347.7
    996.3    130.3
    795.0   1014.4
   1488.0   1276.9
   1018.3    165.7
    528.0    250.3
   1056.5    823.6
   1467.9   1605.8
    849.9    153.4
    970.6   1251.0
   1384.5     79.0
    443.5   1257.6
    867.9    761.9
    695.2   1034.9
   1157.2    830.9
    337.3    428.7
    696.4   1599.7
    625.3     54.6
    243.9    779.9
    169.1   1451.8
   1314.3   1079.0
   1389.8   1275.5
     31.8   1470.5
   1522.6    469.9
   1307.0    470.1
   1050.4    385.0
   1324.8   1550.8
    521.3    545.1
   1357.7   1240.7
   1487.0    800.7
    870.4    862.2
    123.5   1400.5
    938.0   1183.9
   1559.9   1030.4
   1365.9   1532.7
    830.3    233.8
    174.8    752.5
   1577.8    700.5
    392.7   1171.8
    286.2   1028.9
    608.3    298.4
   1106.0   1503.3
    659.6   1412.4
    318.9    646.3
    170.4    542.8
    993.5   1208.1
   1533.3   1571.1
   1011.6    288.1
    714.2   1374.1
    277.3     92.2
    142.6    243.9
   1011.2    612.8
   1216.8    551.6
    685.7    444.0
    117.2   1028.5
     74.2    451.4
    573.4   1400.5
    705.5    170.4
   1601.4   1353.4
   1593.1   1087.2
   1254.3   1419.9
    609.3    714.9
   1215.3   1237.3
   1525.7    704.2
   1193.9    669.4
    398.8    596.1
    933.2    282.0
   1594.6   1039.5
   1186.2   1560.1
    728.2     74.6
    468.7   1206.7
    545.8     93.9
   1244.4    114.1
    365.6    940.2
    359.3    787.6
   1539.1   1068.8
    842.2    188.5
    251.6   1497.6
   1312.6    104.2
     36.5    187.2
    241.9   1127.2
    723.5    322.5
   1211.1   1377.9
   1460.8    473.9
    854.7   1384.3
   1496.3     54.4
    541.3   1336.6
    123.6   1602.0
    379.5     48.8
     24.5    291.7
    342.9    675.0
   1537.8    555.7
    467.1    490.3
    576.7    359.5
    564.8    624.5
   1169.0    381.4
   1235.8    943.7
    752.0    669.5
    989.5   1363.4
   1120.8    412.0
   1389.1    239.9
    744.9    712.1
   1192.4    474.1
    326.4     99.3
    476.4   1385.4
    331.2    311.2
   1185.3    161.4
   1418.8   1367.6
    520.3   1065.6
    300.7    512.0
   1410.2    418.1
    356.1   1304.2
   1254.5    236.4
   1043.8    141.1
     20.7   1175.7
    448.5    564.7
    603.3    194.4
    390.1    484.1
   1341.3    411.5
    657.2     79.1
    766.2   1460.5
    388.6    304.1
    555.0     67.1
   1352.5    302.4
   1452.4   1019.8
   1303.9   1291.0
   1320.8    534.7
     41.5    537.5
   1538.6    612.5
   1332.9   1051.0
    666.3    590.2
   1237.2    502.9
   1442.1    431.0
   1129.3    601.5
    214.3    269.5
    891.2    717.6
   1123.7     66.0
   1127.7   1142.5
    528.3    195.8
    712.8    507.2
   1009.6    321.9
   1331.5    797.3
    996.9    535.9
    763.3    642.5
   1200.5    392.3
   1223.6    790.1
   1117.4    711.5
    304.9   1075.7
    366.1    592.1
    186.0   1309.1
     82.6    865.1
    353.4    334.4
   1066.4    880.7
    935.9    938.9
   1351.1     78.8
    751.0    989.2
   1067.6   1604.9
   1408.3    281.4
    947.2   1008.9
   1172.5    749.7
   1065.9    761.9
    748.8    892.0
    589.5     98.0
    193.0     33.0
     94.6     65.3
   1242.1   1084.6
   1346.1    928.2
     53.9   1188.5
    481.0   1486.0
    449.9   1305.1
    136.5    165.3
    574.7    973.5
    684.5   1211.2
     72.7    416.1
   1398.6   1430.3
    826.7   1602.0
    442.0   1131.4
    137.8   1428.5
   1171.8   1054.4
    198.5    988.6
    295.5    729.1
   1141.1    212.9
    718.8     46.0
   1402.7    798.9
   1482.8   1315.3
    950.0    895.4
    847.8   1298.8
    801.0    132.2
   1167.8    715.5
    832.3   1172.0
   1199.7   1113.4
    836.3    310.7
    599.4    162.8
    474.9    171.6
    930.5    833.9
   1537.2   1104.3
   1118.3   1072.5
    153.0   1095.7
   1302.2   1148.1
    508.8     79.3
   1186.7   1193.1
    329.2   1106.8
   1431.8    333.2
   1253.9    899.5
    598.9   1258.8
   1229.0   1403.2
   1147.9    909.3
   1420.1    985.5
    955.0    301.8
    867.9   1120.0
   1285.1     61.3
   1273.3    393.0
    572.1   1524.8
    816.4    427.3
   1018.8   1028.8
     45.3    863.2
    824.1   1234.8

# vim:ft=conf
