# 300 nos mesh — posicoes lista (seed=411)

ns3::ListPositionAllocator
      0.0      0.0
    233.9    343.0
    616.6    251.3
    903.6    417.8
    227.0     30.9
    934.3    690.2
    797.4    777.2
    738.2    235.7
    898.3    619.3
    712.7    715.3
    757.3    599.7
     67.2    811.7
    603.0    557.6
    560.5     29.7
    118.5    692.2
    535.8    704.7
    272.2     85.5
    346.1    283.1
    647.1    313.8
    870.0    486.1
    358.6    899.3
    698.1    828.9
    143.8    236.6
    531.9    262.4
    560.9    871.7
    407.9    479.3
    768.3    235.0
     55.5    444.7
     75.4    926.3
    107.1    230.7
    590.6    165.9
    552.7    160.8
    848.9    972.3
    571.7    375.1
    510.2    140.5
    137.2    467.0
    393.6    774.9
    162.9    826.1
    777.2    463.0
    999.1     88.6
    532.0    845.0
    694.1    270.5
    530.1     27.1
    321.7    805.0
    403.0    430.2
    904.7    733.9
    651.7    235.4
    772.9    543.4
    441.2    830.5
    187.3    406.0
    569.2    536.5
    533.1    747.6
    686.6    206.0
    421.3    158.0
    445.7    860.1
    172.5    177.2
    264.7    444.2
    148.4    277.3
    471.2    146.0
    478.1    692.2
    553.7    500.8
    772.6    426.1
     53.8    769.2
    650.2    392.3
    744.6    820.7
    537.6    321.2
    214.3    824.4
    322.7    306.7
     92.5    654.1
    972.9    236.5
    386.4     39.5
    622.3    860.4
    934.8    567.2
     71.2    317.0
    769.9    290.1
    929.8    534.5
    863.9    561.8
   1004.2    153.5
    902.2     76.8
    533.1    609.4
     36.0    882.4
    928.7    659.6
    211.0     75.9
    464.9    535.4
    406.1    328.4
    953.8    481.6
    734.9    279.3
    274.1    532.7
    332.0    673.2
    106.3    623.3
    194.6    955.7
    853.0     88.0
    416.8    850.7
    254.2    695.3
    350.5    150.4
    175.5     88.4
    529.7    390.4
    181.7    229.9
    383.4    838.0
    710.5    614.2
    968.7    208.3
    296.2    691.7
    841.9    754.5
    736.7    362.8
    291.3    977.8
    632.2    820.7
    822.2    465.2
    386.4    124.8
    579.0     66.0
    900.8    958.5
    290.1    608.0
    166.4    865.7
    763.3    505.2
    332.8     82.3
    266.4     39.8
    302.8    137.4
    653.0    347.3
    747.4    670.7
    548.2    994.0
    577.0    198.9
     40.6    171.5
    777.6    390.1
    451.4    564.7
    833.9    701.1
    198.1    334.8
    897.0    840.0
    481.5    809.5
     90.3    499.4
    664.2    290.7
    228.0    967.6
    869.1    914.6
    102.8    988.8
    491.2    723.0
    137.9    739.6
     89.7    275.6
    206.7    150.8
    284.0    909.7
    961.8     24.6
    818.8     50.5
    356.0    227.4
     68.5    104.7
    366.4    356.6
    895.6    217.2
    608.9    709.6
    900.4    883.7
    125.6    393.4
    290.3     63.6
    478.4    963.7
    747.4    196.6
    643.1    899.0
    270.0    494.7
    549.8    426.1
     67.3    223.5
    348.1    767.2
    190.2    547.7
    776.7    983.0
    453.0    348.5
    885.4    764.1
    318.4    240.6
    945.8    877.4
     68.6    478.4
     88.1    897.3
     95.2     93.7
    410.6    932.0
    429.5    186.9
    805.7    961.5
    835.0    529.8
    793.1    213.3
    891.9    173.5
    762.8    753.5
    520.8    986.4
     31.4    576.9
    865.7    656.3
    673.1    737.1
    476.8    226.0
    235.9    775.1
    118.6    341.5
    183.0    660.5
    270.8    406.0
    296.5    325.6
   1003.6    296.0
    154.3    536.8
    823.5    302.3
    405.7    703.5
    987.9    595.9
    257.2    893.7
    252.3    723.9
    860.3   1005.7
    565.6    657.2
    575.4    438.5
    443.6    270.9
    166.5    994.5
    124.1    147.7
    259.0    365.1
    661.7    817.6
    108.4    583.5
    629.3    963.6
     76.4     48.8
    337.1    437.2
    596.5    793.8
    708.0     78.2
    272.7    840.6
    742.7     40.5
    542.8     87.3
    530.7    484.5
    277.8    300.8
    300.9    189.9
    128.6    648.2
    309.8    497.1
   1002.9    225.7
    637.5    502.6
    783.2    627.4
    115.9    866.2
    441.3    974.6
    644.3    201.0
    609.3     36.2
    379.9    202.6
    451.9     65.4
    816.3    839.2
    138.2    319.9
    498.9    849.9
    848.3    325.9
    228.7    216.7
     46.1    725.9
    469.9    748.1
    812.7    389.7
    799.4    586.3
    217.1    887.5
   1006.1    836.1
    568.6    298.5
    894.9    302.0
    736.3    768.0
    348.8    467.0
    359.0    564.7
    239.0    628.2
    415.9    885.5
    993.1    991.8
    730.9   1003.1
    646.0     81.4
    241.0    812.0
    919.6    505.2
    425.1    616.6
     94.7    742.3
     74.4    169.2
    670.6    868.0
    172.6    573.0
    864.2    736.8
    274.4    133.5
    560.9    717.6
    197.7    769.2
    385.6    912.5
    960.2    820.5
    653.5     50.3
    496.5    487.9
     31.0    528.2
    459.1    617.5
    731.2    952.5
    775.7     30.0
     26.9    790.5
    996.2    915.3
    555.6    130.1
    959.6    181.0
    237.1    502.4
    793.8    161.9
    528.1    939.1
    803.5    664.2
    728.6    507.4
    165.1    476.3
    891.1    367.2
    753.1    135.0
    268.3   1002.2
    997.6    676.4
    296.2    456.2
    805.9    718.1
    604.2    359.0
    174.1    266.0
    917.6    926.1
    970.8    934.8
    833.6    590.1
    223.8    290.6
    394.5    281.6
    807.7    274.3
    519.8    661.1
    749.2    445.7
    774.0    882.0
     54.3    691.2
    972.7    452.8
    730.1    111.2
    523.4    782.2
    853.9    883.0
     33.0    466.2
    665.0    490.9
    609.6     78.7
    496.1    246.7
    423.6     95.4
    398.1    630.6
    843.0    248.5
    669.7    104.0
    763.7    920.7
     59.0    598.6

# vim:ft=conf
