# 50 nos mesh — posicoes lista (seed=200)

ns3::ListPositionAllocator
      0.0      0.0
     37.3     97.3
    289.5     74.3
    346.8    121.4
     24.4    187.2
     83.5     26.2
    125.7    194.7
     93.3    344.1
    134.0    286.3
    153.4     58.4
    185.1    280.5
     66.3     73.2
     69.5    206.8
    347.2    165.6
    331.7     62.3
    105.6    275.8
    318.5    321.6
    110.2    304.8
    240.4    281.6
    317.8    394.7
    197.2    398.0
    130.1    355.0
     60.1    292.2
    360.8    230.9
    157.2    333.7
    329.4    291.5
    151.1    215.8
     20.7    221.0
     64.8    151.3
    391.9    308.5
    265.1    158.0
    227.4    394.2
    299.5    100.5
    389.3    105.6
    190.5     46.1
     25.2    380.5
    386.8    256.7
    322.7    192.7
    194.7    217.1
    217.1     70.8
     58.6    334.1
     34.9     61.9
    263.8    214.8
    206.3    180.7
    395.3     27.3
    371.4    383.1
    348.3     35.5
    292.5    288.1
    244.7    111.3
    317.0    155.8

# vim:ft=conf
