# 50 STAs: uma por no mesh (deslocada 5m X, 10m Y)

ns3::ListPositionAllocator
      5.0     10.0
     42.3    107.3
    294.5     84.3
    351.8    131.4
     29.4    197.2
     88.5     36.2
    130.7    204.7
     98.3    354.1
    139.0    296.3
    158.4     68.4
    190.1    290.5
     71.3     83.2
     74.5    216.8
    352.2    175.6
    336.7     72.3
    110.6    285.8
    323.5    331.6
    115.2    314.8
    245.4    291.6
    322.8    404.7
    202.2    408.0
    135.1    365.0
     65.1    302.2
    365.8    240.9
    162.2    343.7
    334.4    301.5
    156.1    225.8
     25.7    231.0
     69.8    161.3
    396.9    318.5
    270.1    168.0
    232.4    404.2
    304.5    110.5
    394.3    115.6
    195.5     56.1
     30.2    390.5
    391.8    266.7
    327.7    202.7
    199.7    227.1
    222.1     80.8
     63.6    344.1
     39.9     71.9
    268.8    224.8
    211.3    190.7
    400.3     37.3
    376.4    393.1
    353.3     45.5
    297.5    298.1
    249.7    121.3
    322.0    165.8

# vim:ft=conf
