# app_connect_id = 6
# connect_stmt_id = 5
# tags_tx = file5-srv
# tag_rx = file5-cl
170135662 536
170212223 1072
170227231 1608
170236506 2144
170259559 2680
170262999 3216
170294797 3752
170314840 4288
170337949 4824
170354957 5360
170374478 5896
170397639 6432
170443220 6968
170459807 7504
170481146 8040
170513380 8576
171660992 9112
171676996 9648
171702505 10184
171717071 10720
171859543 11256
171863760 11792
171868337 12328
171882167 12864
171886381 13400
171908910 13936
171918390 14472
171931008 15008
171972530 15544
172072710 16080
172176199 16616
172180349 17152
172181802 17688
172183019 18224
172185945 18760
172193086 19296
173233669 19832
173275725 20368
173388536 20904
175673397 21440
175710778 21976
175738426 33768
175813772 35376
175826294 35912
175852608 36448
175948237 36984
175949249 37520
179107653 38056
179336631 38592
179354360 39128
179383601 39664
179401229 40200
179436777 40736
179458188 41272
179484622 41808
179524741 42344
179541059 42880
179580442 43416
179611478 43952
179875489 44488
180794778 45024
180822400 45560
180840338 47704
180857934 48240
180873914 48776
180905248 49312
180918407 49848
180955630 50384
180973095 50920
181018889 51456
181117927 51992
181136590 52528
181138059 53064
182186276 53600
182456021 54136
183940832 55744
183969514 56280
184196735 56816
184214523 57352
184241137 57888
184259174 58424
184286777 58960
184304305 59496
184335437 60032
184366547 60568
184388012 61104
184405718 61640
184423207 62176
184445320 62712
184468478 63248
184485826 63784
184508601 64320
184538996 64856
187551247 65392
187800567 65928
188346313 68072
188385802 68608
188416067 69144
188456022 69680
188487675 70216
188535332 70752
188571511 71288
189604212 71824
189622454 72360
189639305 72896
189662030 73432
189695845 73968
189715194 74504
189741433 75040
189757593 75576
189778766 76112
189797574 76648
189816575 77184
189834505 77720
189864829 78256
189869474 78792
189889463 79328
189933476 79864
189952203 80400
189979752 80936
190958950 81472
190981840 82008
191078539 82544
191126735 83080
191152646 83616
191178335 84152
191203329 84688
191280864 85224
191297296 85760
191319789 86296
191334949 86832
192450430 87368
192703366 87904
192719350 88440
192756310 88976
192777094 89512
192794342 90048
192828644 90584
192853015 91120
192927347 91656
192946996 92192
192988529 92728
193055864 93264
193114634 93800
193130660 94336
193163244 94872
193177584 95408
193230657 95944
193261645 96480
193276545 97016
193291606 97552
193323714 98088
193340942 98624
193365658 99160
193426239 99696
193443808 100232
193478690 100768
193498101 101304
257911619 102376
257933078 102912
257952502 103448
257982562 103984
258016412 104520
258076432 105056
258089651 105592
258133173 106128
258156022 106664
258193395 107200
258199336 107736
258237561 108272
258244121 108808
258260328 109344
258278930 109880
258387982 110416
258400471 110952
258406602 111488
258409714 112024
258425331 112560
258469857 113096
258477574 113632
258559142 114168
260539899 114704
260769292 115240
260786920 115776
260816705 116312
260845762 116848
260874095 117384
260879775 117920
260938980 118456
260951852 118992
260971913 119528
260993378 120064
262063907 120600
262291186 121136
262306890 121672
262338069 122208
262355756 122744
262387530 123280
262389004 123816
262429579 124352
262434064 124888
262449800 125424
262465260 125960
262524340 126496
262530637 127032
262544231 127568
262572940 128104
262658148 128640
262668880 129176
262671825 129712
262703392 130248
262757553 130784
262770667 131320
262773472 131856
262790150 132392
262818309 132928
262835877 133464
262873546 134000
262876921 134536
262896768 135072
262914096 135608
262965111 136144
262981780 136680
262984321 137216
262985915 137752
263963284 138288
264187237 138824
264202786 139360
264225419 139896
264242867 140432
264315994 140968
264319016 141504
264325164 142040
264328330 142576
264334420 143112
264350244 143648
264371460 144184
264386033 144720
264428276 145256
264431787 145792
264434853 146328
264871702 146864
264953179 150616
264993371 151152
265002612 151688
265011255 152224
265025435 152760
265087097 153296
265096130 153832
265124101 154368
265144916 154904
265169329 155440
265193141 155976
265213770 156512
265235903 157048
265315083 157584
265322456 158120
265334556 158656
265360894 159192
265379675 159728
265402187 160264
265418220 160800
265477949 161336
265493994 161872
265528187 162408
265565158 162944
265571078 163480
265602474 164016
265608569 164552
300356695 165088
300371735 165624
300402623 166160
300428352 166696
300453178 167232
300472887 167768
300492004 168304
300522391 168840
300543646 169376
300560866 169912
300601476 170448
300606101 170984
300632883 171520
300637648 172056
300672445 172592
300673958 173128
300711581 173664
300714687 174200
300719630 174736
300735060 175272
300740222 175808
300760173 176344
300796050 176880
300797249 177416
300802789 177952
300849014 178488
300862735 179024
300876629 179560
300918051 180096
300922375 180632
300960484 181168
300971850 181704
300996521 182240
301018851 182776
301090158 183312
301094542 183848
301131572 184384
301133862 184920
301137113 185456
301187706 185992
301198386 186528
301238353 187064
301249190 187600
301258311 188136
301268250 188672
301312737 189208
301366023 189744
301380924 190280
301442254 190816
301449046 191352
301451611 191888
301523699 192424
301530472 192960
312461814 193496
333682440 194032
333703484 195640
333750406 196176
333773057 196712
333792231 197248
333855089 197784
333880052 198856
333926064 199392
333933302 199928
333957375 200464
333973494 201000
334009311 201536
334013255 202072
334044702 202608
334048286 203144
334085493 203680
334089157 204216
334115238 204752
334118982 205288
334157356 205824
334159481 206360
334163218 206896
334203418 207432
334217383 207968
334236805 208504
334322830 209040
334326532 209576
334381685 210112
334382041 210648
334393560 211184
335499938 213864
335553244 214400
335693679 214936
336563666 215472
336579167 216008
336597718 216544
336620119 217080
336672681 217616
336675875 218152
336707473 218688
336719708 219224
336744575 219760
336759317 220296
336802202 220832
336808159 221368
336865262 221904
336865738 222440
336901711 222976
336906083 223512
336919844 224048
336939524 224584
336982734 225120
336986437 225656
337000311 226192
337639325 226728
337730827 228872
340691666 229408
340712817 231552
340757949 232088
340758251 232624
340784937 233160
340814573 233696
340815045 234232
340834123 234768
340892544 235304
340898837 235840
340905351 236376
340934215 236912
340954407 237448
340972376 237984
341033393 238520
341036965 239056
341057139 239592
341057595 240128
341065275 240664
341076253 241200
341125235 241736
341143955 242272
341221413 242808
341229813 243344
341290985 243880
341291657 244416
341292229 244952
341296106 245488
341300030 246024
341301130 246560
341358114 247096
341364626 247632
341378637 248168
341385041 248704
341399028 249240
341535116 249776
342660311 250312
342689092 250848
342760595 251384
342817516 251920
342887303 252456
346153815 252992
346221669 259960
346522260 263176
346585226 263712
346601397 264248
346645422 264784
346668389 265320
346766142 265856
346788102 266392
346842903 266928
346848684 267464
346882658 268000
346944321 268536
346977798 269072
347013178 269608
347984948 270144
348008357 270680
348058391 271216
348069891 271752
348088562 272288
348129467 272824
348164744 273360
348199233 273896
348215584 274432
348233337 274968
348256353 275504
348275908 276040
348304031 276576
348321859 277112
348391340 277648
348400373 278184
348418777 278720
348435308 279256
348512968 279792
349749933 280328
349779707 280864
349802148 281400
349831021 282472
349989556 283008
349992705 285688
350001957 286224
350041422 286760
350109528 287296
350115812 287832
350126703 288368
350132947 288904
350163954 289440
350173774 289976
350195955 290512
350235554 291048
350246665 291584
350312240 292120
350315285 292656
350343761 293192
350413589 293728
350425634 294264
350433878 294800
350460798 295336
350551497 295872
350567082 296408
350586294 296944
350602772 297480
350634099 298016
350906266 298552
350940967 299088
350994451 299624
351027720 300160
351117406 300696
351134855 301232
351184397 301768
351204094 302304
351243961 302840
351250345 303376
351348352 303912
351376831 304448
351399650 304984
351455546 305520
351572602 306056
351605095 306592
351641280 307128
351674731 307664
352722522 308200
352739990 308736
352768389 309272
352785777 309808
352861730 310344
352872257 310880
352892845 311416
352898950 311952
352903634 312488
352916315 313024
352968193 313560
352977789 314096
352980910 314632
353007830 315168
353050562 315704
353055167 316240
353067422 316776
353089587 317312
353103986 317848
353126801 318384
353151548 318920
353170167 319456
353192145 319992
353206786 320528
353235145 321064
353246502 321600
353288772 322136
353316417 322672
353386396 323208
353391141 323744
353402100 324280
353409698 324816
353412389 325352
353474490 325888
353485307 326424
353507535 326960
353534097 327496
353549940 328032
353590139 328568
353605401 329104
353635635 329640
353638193 330176
353658180 330712
353691538 331248
353722900 331784
353740777 332320
353816769 332856
353872278 333392
353914236 333928
353915769 334464
353918351 335000
353919944 335536
353993886 336072
354008074 336608
354022526 337144
354029799 337680
355046803 338216
355066088 338752
355138131 339288
355145365 339824
355165518 340360
355174164 340896
355178709 341432
355252150 341968
355272502 342504
355279856 343040
355286775 343576
355294857 344112
355357776 344648
355364520 345184
355378363 345720
355390084 346256
355411695 346792
355443182 347328
355478335 347864
355496635 348400
355571594 348936
355582326 349472
355630706 350008
355631865 350544
355633852 351080
355635138 351616
355722879 352152
355727103 352688
355734502 353224
355739430 353760
355760432 354296
355788084 354832
355908966 355368
355927807 355904
355940245 356440
355946914 356976
355953562 357512
355960210 358048
356030557 358584
356040318 359120
356047684 359656
356077283 360192
357106404 360728
357129541 361264
357173655 361800
357180607 362336
357187540 362872
357208993 363408
357254928 363944
357262176 364480
357290678 365016
357304627 365552
357330073 366088
357347322 366624
357390575 367160
357392915 367696
357455960 368232
357485343 368768
357491019 369304
357495670 369840
357522157 370376
357544527 370912
357592102 371448
357602715 371984
357603807 372520
357623359 373056
357651001 373592
357674518 374128
357726870 374664
357743864 375200
357774068 375736
357793725 376272
357812926 376808
357829470 377344
357869121 377880
357882825 378416
357904367 378952
357921835 379488
357997401 380024
358982832 380560
358997513 381096
359035234 381632
359037655 382168
359093749 382704
359096010 383240
359103029 383776
359103614 384312
359153684 384848
359156145 385384
359161795 385920
359165248 386456
359249839 386992
359252085 387528
359262233 388064
359267485 388600
359274525 389136
359278230 389672
359286886 390208
359347494 390744
359348007 391280
359351493 391816
359370304 392352
359378069 392888
359454545 393424
359461304 393960
359474270 394496
359497692 395032
359520767 395568
359533286 396104
359567044 396640
362835263 397176
362859551 397712
362889296 398248
362898319 398784
362928292 399320
362931794 399856
362999804 400928
366098721 403608
366120429 404144
366159687 404680
366173604 405216
366199483 413792
366230636 414328
366259765 414864
366277747 415400
366293988 415936
366312176 416472
366327385 417008
366358004 417544
366364194 418080
366392910 418616
366394084 419152
366454873 419688
366458561 420224
366499512 420760
366504857 421296
366515775 421832
366551762 422368
366560233 422904
366590712 423440
366592796 423976
366618533 424512
366631308 425048
366678757 425584
366698348 426120
366704668 426656
366738927 427192
366752538 427728
366821218 428264
366827388 428800
366827813 429336
366828121 429872
366901049 430408
366901562 430944
366902114 431480
366903998 432016
366929623 432552
366942211 433088
366992511 433624
366996195 434160
367003466 434696
367009868 435232
367016308 435768
367056106 436304
368091728 436840
368107760 437376
368123090 437912
368138522 438448
368177197 438984
368183569 439520
368189609 440056
368224683 440592
368233152 441128
368237266 441664
368260154 442200
368263796 442736
368286966 443272
368299707 443808
368345089 444344
368351724 444880
368355214 445416
368371033 445952
368397073 446488
368403991 447024
368484767 447560
368512137 448096
368514045 448632
368514542 449168
369557780 449704
369779822 450240
369796281 450776
369817698 451312
369834946 451848
369859201 452384
369877948 452920
369923282 453456
369928034 453992
369938295 454528
369975681 455064
369978075 455600
370004206 456136
370007848 456672
370027779 457208
370038030 457744
371304311 458280
371354555 458816
371395668 459888
371618506 460424
371638493 460960
371676024 462568
371762984 463104
371811082 463640
371870025 464176
371926256 464712
372882796 465248
372967593 465784
375968649 467392
376051695 467928
376083641 468464
376156752 469000
376220253 469536
376286429 470072
376378769 470608
376463170 471144
377688859 472752
377711132 473288
377724430 473824
377757177 474360
377763369 474896
377779479 475432
377797726 475968
377838658 476504
377843084 477040
377857911 477576
377884427 478112
377914437 478648
377926567 479184
377929158 479720
377950992 480256
377985388 480792
378002605 481328
378004590 481864
378369902 482400
378575858 482936
378604318 486152
378636615 486688
378680719 487224
378779517 487760
378805536 488296
378863078 488832
378989365 489368
379811010 489904
379820681 490440
379840388 490976
379854211 491512
379892812 492048
379901685 492584
379912651 493120
379930593 493656
379970286 494192
379977230 494728
380000213 495264
380026226 495800
380048922 496336
380063164 496872
380112741 497408
380121989 497944
380133237 498480
380142346 499016
380195885 499552
380203218 500088
380224178 500624
380227203 501160
380252002 501696
380273610 502232
380332047 502768
380342292 503304
380346296 503840
380355151 504376
380357563 504912
380401724 505448
380410507 505984
380438747 506520
380443191 507056
380501363 507592
380555932 508128
380561083 508664
380566360 509200
380603637 509736
380618404 510272
380691518 510808
380694057 511344
380718009 511880
380800957 512416
380817889 512952
380819937 513488
380839296 514024
380845882 514560
380858322 515096
383757974 515632
383989668 516168
384001976 516704
384024192 517240
384038992 517776
384056697 518312
384071587 518848
384121896 519384
384126241 519920
384150115 520456
384154196 520992
384186637 521528
384191028 522064
384221417 522600
384225509 523136
384253491 523672
384264893 524208
384286033 524744
384299126 525280
384322210 525816
384322803 526352
384330571 526888
384358107 527424
384372558 527960
384447384 528496
384453816 529032
384502776 529568
384527395 530104
384536100 530640
384554034 531176
387605683 531712
387626151 532248
387652266 532784
387669375 533320
387713734 533856
387720027 534392
387756540 534928
387757986 535464
387779114 536000
387797181 536536
387849958 537072
387853683 537608
387857227 538144
387893552 538680
387900732 539216
387941305 539752
387949573 540288
387969542 540824
387984572 541360
388008080 541896
388079587 542432
388085909 542968
388098336 543504
388123466 544040
388194334 544576
388207041 545112
388213271 545648
388213928 546184
388274729 546720
388280967 547256
388374399 547792
388401994 548328
388402426 548864
388402979 549400
388460919 549936
388478347 550472
388546228 551008
388552541 551544
388559879 552080
388580131 552616
388583061 553152
388624499 553688
388709191 554224
388715583 554760
388734898 555296
388741263 555832
388747555 556368
388753947 556904
388844008 557440
388856315 557976
388863973 558512
388870306 559048
388925208 559584
388925960 560120
388995373 560656
389007565 561192
389017188 561728
389017720 562264
390084251 562800
390098651 563336
390118294 563872
390138506 564408
390175617 564944
390190305 565480
390250583 566016
390254292 566552
390269965 567088
390276181 567624
390348023 568160
390355774 568696
390361272 569232
390367562 569768
390387059 570304
390447714 570840
390450669 571376
390517722 571912
390531958 572448
390545055 572984
390545462 573520
391611928 574056
391633466 574592
391663883 575128
391715702 575664
391758925 576200
391819691 576736
391832652 577272
391863747 577808
391897201 578344
391948992 578880
392003589 579416
392033306 579952
392065176 580488
392098613 581024
393143470 581560
393156981 582096
393182208 582632
393197078 583168
393228208 583704
393234146 584240
393253365 584776
393295141 585312
393308951 585848
393341827 586384
393377720 586920
393378433 587456
393401309 587992
393444877 588528
393466069 589064
393485406 589600
393565829 590136
393573186 590672
393586155 591208
393592631 591744
393618682 592280
393648090 592816
393666991 593352
393690341 593888
393759187 594424
393765679 594960
393781445 595496
393791062 596032
393829229 596568
393845196 597104
393910538 597640
393923133 598176
393929622 598712
393936290 599248
393942878 599784
393976504 600320
394054311 600856
394072151 601392
395784353 601928
395809710 602464
395880212 605680
396030836 608896
396039347 609432
396048756 609968
396049228 610504
396080728 611040
396090111 611576
396169202 612112
396188746 612648
396189179 613184
396195471 613720
396225862 614256
396260750 614792
396278644 615328
396351084 615864
396362964 616400
396429423 616936
396435466 617472
396437572 618008
396509496 618544
396523203 619080
396529771 619616
396544376 620152
396582281 620688
397710609 621224
397940715 621760
397958343 622296
397984572 622832
397999653 623368
398032286 623904
398038047 624440
398053857 624976
398083066 625512
398096604 626048
398115151 626584
398136162 627120
398172071 627656
398206012 628192
398225821 628728
398248664 629264
398272898 629800
398301615 630336
398320430 630872
398374459 631408
398381828 631944
398396499 632480
398407192 633016
398469774 633552
398487967 634088
398629873 634624
398668582 635160
398705734 635696
398722768 636232
398734289 636768
398770994 637304
398828461 637840
398846420 638376
398875671 638912
398894691 639448
398916092 639984
398972536 640520
398987396 641056
399017212 641592
399036537 642128
399056904 642664
