# app_connect_id = 11
# connect_stmt_id = 10
# tags_tx = file5-srv
# tag_rx = file5-cl
161057125 536
161080361 1072
161097714 1608
161118951 2144
161136139 2680
161160728 3216
161178656 3752
161234717 4288
161237359 4824
161253604 5360
161254644 5896
161257281 6432
161300379 6968
161318447 7504
161330527 8040
161347916 8576
161384536 9112
161408468 9648
161425856 10184
161497673 10720
161570772 11256
161572325 11792
161575091 12328
161576604 12864
161578037 13400
161579511 13936
161678281 14472
161706219 15008
161707672 15544
161709206 16080
161725826 16616
161829618 17152
161842838 17688
161857209 18224
161864383 18760
161871656 19296
161884596 19832
161891265 20368
161898024 20904
161941862 21440
161946179 21976
162068326 22512
162072603 23048
162081740 23584
162093781 24120
162102379 24656
162107939 25192
162118640 25728
162122984 26264
162203925 26800
162206478 27336
162214427 27872
162217013 28408
162234720 28944
162240376 29480
162258605 30016
162259453 30552
162366394 31088
162370415 31624
162385145 32160
162391802 32696
162404136 33232
162410725 33768
162464015 34304
162466175 34840
162468782 35376
162469550 35912
162545404 36448
162564223 36984
162624780 37520
162665752 38056
162684457 38592
162731676 39128
162776391 39664
162815926 40200
162883586 40736
165923609 41808
167075066 42344
173797409 42880
173804629 43416
173813427 43952
173834558 44488
173859329 47168
173880478 47704
173904362 48240
173951135 48776
173970247 49312
173989524 49848
182989603 50384
183337617 50920
183490203 51456
183625983 51992
190911036 52528
191138019 53064
191155327 53600
191182621 54136
191197445 54672
191221914 55208
191239203 55744
191260840 56280
191275820 56816
191291222 57352
191305998 57888
191325145 58424
191356466 58960
191385402 59496
191388389 60032
191410969 60568
191413852 61104
191454206 61640
191463018 62176
191494929 62712
191497865 63248
191538619 63784
191542909 64320
191544777 64856
191561158 65392
191573926 65928
191601159 66464
191616761 67000
191635773 67536
191685560 68072
191692773 68608
191707565 69144
191720605 69680
193004324 70216
193132373 70752
193188872 71288
193456916 71824
193479529 72360
193541017 72896
193546697 73432
193552457 73968
193575629 74504
193812701 75040
193818441 75576
193824182 76112
193831454 76648
193837214 77184
193845102 77720
193928824 78256
193946065 78792
193953417 79328
194033116 79864
204834706 81472
225398124 82008
225413104 82544
225440284 83080
225455567 83616
225476385 84152
225491666 84688
225507938 85224
225528161 85760
225551964 86296
225566005 86832
225582277 87368
225596238 87904
225612291 88440
225629264 88976
225652312 89512
225655419 90048
225677912 90584
225680839 91120
225709602 91656
225712708 92192
225730819 92728
225745397 93264
225801915 93800
225808021 94336
225816711 94872
225855707 95408
225869673 95944
225894642 96480
225914307 97016
225957888 97552
225971770 98088
225989911 98624
226046415 99160
226064159 99696
226085861 100232
226101021 100768
226160120 101304
226230851 101840
226248546 102376
226252744 102912
226340363 103448
226350421 103984
226383511 104520
226389816 105056
226394668 105592
226398020 106128
226417107 106664
226448284 107200
226468325 107736
226514564 108272
226525655 108808
226530479 109344
226540011 109880
226597628 110416
226607059 110952
226614837 111488
226618174 112024
226643174 112560
226695357 113096
226698323 113632
226715718 114168
226720439 114704
226740217 115240
227009413 120600
227053804 121136
227061374 121672
227164320 122208
227171493 122744
227191365 123280
227192819 123816
227204736 124352
227236642 124888
227257397 125424
227319418 125960
227333949 126496
227341103 127032
227353062 127568
227374097 128104
227422708 128640
227440037 129176
227508492 129712
227515416 130248
227535339 130784
227546111 131320
227564277 131856
227579541 132392
227604812 132928
227624009 133464
227646864 134000
227665416 134536
227757979 135072
227762745 135608
227771616 136144
227776382 136680
227785653 137216
227793493 137752
227857978 138288
227862704 138824
227874788 139360
227880069 139896
227928037 140432
227930554 140968
227937222 141504
227939779 142040
227958146 142576
227975349 143112
228041358 143648
228051675 144184
228111812 144720
228138651 145256
228161349 145792
229022687 146328
229065009 146864
229320493 147400
229373447 147936
229471149 148472
229500792 151688
