# 750 nos mesh — posicoes lista (seed=510)

ns3::ListPositionAllocator
      0.0      0.0
   1105.7    894.6
   1231.2    666.1
   1260.6    266.5
   1384.4   1447.4
   1026.0    899.9
    270.0   1165.8
   1408.3   1576.8
    684.1    402.5
   1296.4    826.0
    713.2    953.0
    168.1   1278.4
   1376.3    669.7
    879.2   1070.5
   1260.6   1433.4
   1041.1    872.4
    902.1    873.2
    734.2   1126.6
    470.5     62.7
    306.9    350.2
    250.9    140.8
   1212.1    700.8
     28.6    429.6
    833.5    189.6
   1471.6   1254.0
    284.9     64.8
   1330.6   1159.6
    264.8    603.6
    898.5    188.6
    855.1    695.3
    811.5   1375.2
    977.7   1533.3
    927.6    365.9
   1307.1   1321.0
   1181.0   1241.4
    620.2     36.9
     53.2    260.6
    656.9    181.3
    962.5   1040.1
    166.0   1365.0
    328.9    905.3
   1134.3   1130.8
   1405.9    152.2
   1521.2    768.0
    703.7    127.4
    710.8   1587.2
     65.2   1089.9
    239.1     31.4
   1583.6   1259.8
   1180.9   1595.5
   1433.1   1398.8
    437.7   1513.4
    611.5   1026.3
   1457.5    198.3
    553.4    203.8
    489.5    569.4
   1071.8    912.0
    455.3    383.5
   1567.1    370.1
    773.3    330.3
    647.6    407.5
    419.8   1463.2
    112.1   1095.4
    124.6   1257.2
   1603.1   1120.1
    178.1    753.0
    190.9    556.1
    971.2    398.7
    129.6    167.2
    907.1    387.8
    676.2    862.5
    921.0   1333.5
   1026.3     83.8
    865.4   1022.4
    789.6   1534.0
   1396.9    244.3
     67.1    337.6
    685.9   1440.8
   1108.6   1361.0
    408.7    949.6
    239.2   1122.1
   1078.8   1323.4
    634.0   1231.7
    721.4    478.5
    490.5   1188.0
   1142.2    968.1
    975.3   1097.4
     52.8    366.5
   1026.8    251.0
    301.9    134.1
    497.9    262.7
    483.0   1431.0
   1516.2   1468.4
    212.6    878.1
    597.0    159.7
   1047.6   1574.9
   1177.0   1292.1
     94.6   1012.8
   1238.1    845.7
    160.4    116.7
    172.8    216.7
    538.9   1214.5
    634.1    465.2
     23.2    610.9
   1485.7    367.1
    247.4   1560.5
   1469.0    737.7
    574.0    523.0
    520.5    596.3
   1168.0     95.2
    890.5    569.5
   1207.1   1052.4
   1420.6    651.9
    953.3    286.2
    453.6    938.2
    145.4     50.9
   1095.6   1232.0
    172.1    430.7
    527.4   1313.8
    314.0   1132.4
   1533.5    207.7
    280.3   1510.2
   1019.9   1542.7
    189.8   1066.8
   1166.9   1083.6
    711.4    698.5
   1387.2   1107.8
    240.9    726.3
   1358.8    179.1
    376.1   1188.4
    910.5   1121.1
    848.5    475.8
   1458.8   1584.6
    805.1    820.9
   1450.6   1473.1
   1585.0    778.7
    591.9   1334.9
   1422.0    735.0
    982.6   1152.2
   1221.6    785.5
    911.8   1512.1
    599.2   1145.8
   1569.3   1566.4
    932.4    919.7
   1481.8     64.5
    422.6   1350.1
    691.8   1234.1
    992.4   1399.6
    213.9     54.5
    597.3   1477.8
    531.5    168.5
    105.9    788.6
   1267.2     84.0
   1364.5    217.3
    119.4    516.8
   1463.8    685.3
    841.3    747.7
    300.7    434.8
    803.9     56.2
    809.2    853.9
   1436.5    605.0
   1454.1    116.7
    555.6    328.8
    574.1    871.8
    300.0    986.4
    420.9   1395.3
    360.3    903.5
    393.9    423.6
    743.1    140.6
    360.7     61.4
   1234.7    619.3
    814.8    654.1
   1553.5    329.7
    278.4   1129.9
   1376.6    366.0
     20.7    473.1
   1102.2    755.8
    121.7   1310.7
   1351.1    261.2
   1490.2    881.1
   1531.6    799.1
    177.0   1442.8
    640.5   1183.1
    631.2     84.1
    393.5    562.4
    663.0    523.0
    461.5   1216.5
   1466.6    928.8
   1480.1    657.4
   1364.0   1510.1
     68.8     55.9
   1228.1   1334.1
   1142.4   1003.2
   1002.1    713.3
    976.7   1505.0
    649.9   1403.3
   1348.1   1542.0
    505.8    412.3
    614.4    826.1
   1099.6   1071.3
     41.6    577.7
    216.7    701.0
    874.7    505.1
    484.2    746.6
    333.7    767.4
   1074.9    614.2
    323.2   1161.9
   1518.9   1559.5
     98.1    483.8
    384.3    336.4
     41.7    224.8
   1059.9   1477.1
   1321.3   1056.2
   1467.2     21.3
    193.9   1312.3
    670.3     94.2
     72.0   1326.0
   1195.2   1371.5
   1507.5    533.1
   1233.3     62.1
    867.4    331.7
    404.2   1526.2
    786.5    680.7
    723.2     70.8
    636.2   1131.2
   1080.9    954.9
   1205.8    197.6
    767.4   1453.2
    168.8    719.4
   1369.5   1479.3
   1389.0    127.9
    791.0    525.0
   1141.5    515.1
    750.8    404.2
    651.7    659.5
   1600.5    214.0
   1076.4    282.5
   1324.2    492.9
    297.1   1293.3
   1006.9    984.6
    502.6    948.3
   1026.8    154.7
   1145.0    804.5
   1140.4    436.7
    927.2    511.7
    908.0    672.3
    323.7    272.8
    173.0    963.6
    575.3    476.3
    831.0   1002.7
    928.6     73.1
    392.8    283.5
    114.6    877.4
   1031.7   1327.7
    503.6   1299.0
    807.9    124.2
    903.3   1554.1
   1594.2    492.7
    325.6    827.4
    158.9    300.3
    564.8    114.3
   1175.3   1518.9
   1240.1    400.8
   1465.2    894.7
    709.2    735.9
   1102.6   1273.1
    492.5    694.2
   1450.1    383.4
    741.8    431.5
    352.2    475.6
   1270.9   1246.7
    884.5    271.3
    772.4    908.0
   1298.0     32.2
   1228.3    309.3
    682.8   1551.8
    391.3   1013.4
    730.7   1017.7
   1463.0   1440.8
   1474.2    279.9
    313.3   1419.5
    449.2    248.1
   1454.5   1188.8
    446.7    742.2
    711.3   1072.2
   1082.0     57.2
    494.9    782.1
     99.0    308.2
    240.4   1010.1
    521.8    345.6
   1443.3    164.5
    966.5   1372.8
    496.2   1603.1
   1416.1   1355.0
    667.7    689.4
    868.2    428.0
   1497.8    852.6
   1401.5    349.4
   1522.9    691.7
   1165.9    227.8
   1169.2    887.4
    655.9    945.6
    307.3    935.3
    471.2   1162.8
    164.2   1213.3
   1602.7    628.4
    499.9    663.3
    372.5   1296.7
    570.6    993.6
    777.4   1040.9
    219.7   1421.6
   1020.2   1257.4
    430.3     56.5
    420.0    202.0
    715.9   1290.5
    845.3     49.9
    913.0   1405.4
   1100.6    130.7
    748.6    462.9
    548.3   1388.7
    387.7    206.9
    577.9    425.0
    829.9    232.3
   1547.4   1480.7
   1478.3   1546.0
     63.2   1571.5
    860.8   1136.2
   1531.1    399.5
    219.6    397.2
   1210.1    981.1
   1529.0    509.8
   1119.1   1398.1
    817.9   1068.3
    589.8   1304.2
    452.9   1459.7
   1151.4   1582.3
   1332.6    677.7
    136.3    818.9
    179.7    617.3
    966.3    698.2
    231.8    531.4
     79.9    283.5
    983.8    904.3
    675.8    971.9
    793.1   1568.6
    821.7   1478.7
    727.9    169.3
   1024.9   1481.4
   1542.6    558.5
    219.6    764.0
   1361.2    798.5
   1255.9   1525.1
    819.4   1417.3
    156.5   1176.7
   1027.2   1597.0
    466.7    825.1
   1218.4    911.0
    980.9    315.1
   1077.1    519.8
    359.6    712.6
   1109.3     40.2
    447.4    850.7
   1394.6    835.2
   1262.4   1347.5
    344.9    375.0
    464.6   1112.3
    797.9    171.6
    535.8    473.4
    631.0   1577.0
   1037.8   1402.1
   1339.6   1337.5
    949.9   1292.6
    783.0   1336.1
   1316.3    446.3
    176.2    497.7
   1441.1    765.8
    231.2    219.8
     93.3    166.8
   1445.4   1064.4
    637.2    792.0
    741.4   1181.7
    950.1   1137.6
   1342.9    838.1
   1223.4   1497.4
    883.1   1179.8
    270.7    389.0
   1434.9    346.8
    938.8    641.3
    486.4   1530.4
    435.5    529.8
    667.7    484.5
   1036.1    644.5
    844.9   1374.9
    435.2   1115.5
    907.6    246.5
   1515.8   1117.1
    536.9   1082.4
     41.9   1332.3
    731.2   1482.2
   1230.7   1204.8
    652.3    312.2
    462.1    545.8
   1028.7    807.5
    812.7   1185.0
    398.4    824.2
   1542.1   1517.5
   1596.3    546.8
    946.0    223.2
    771.8    288.4
    150.4   1406.2
    154.8   1079.0
    408.6   1128.7
    499.7   1056.4
     41.5     68.0
   1264.7    495.4
   1405.4   1027.4
   1596.0     65.2
   1335.7    562.4
    586.9    700.8
   1311.3    185.9
   1019.4   1071.3
    195.0   1469.9
    292.0   1452.2
    748.7    765.2
   1173.3   1118.3
   1221.0   1141.3
    670.7   1036.4
   1267.8    129.3
   1534.8   1000.8
   1585.0    873.7
   1577.1   1074.0
   1485.1    154.2
   1170.7    977.9
    271.9    270.4
    210.7   1269.9
   1402.9    555.5
    993.9    597.8
   1234.8   1004.0
    513.1    231.0
    422.5    400.8
   1038.0   1183.2
   1109.7   1313.8
   1498.7    470.1
   1060.6    662.0
     99.7   1280.9
    313.5   1383.5
    141.9    340.3
    184.0     91.0
    490.5     21.8
    119.6   1339.6
    363.9    866.1
    698.9    790.9
    323.9   1334.1
    127.3    985.6
    201.1    293.1
    542.3    640.1
   1524.3   1426.0
   1093.0     96.6
    441.9    681.7
    104.1   1426.0
   1496.9    719.2
    269.1     28.7
    938.7    878.5
    170.1   1142.1
    794.8    561.9
     60.2   1494.2
   1115.5    723.7
   1456.0   1009.6
    747.0    305.6
   1368.2   1162.7
    515.6   1005.9
    550.7    709.9
    360.4    295.2
    335.6    121.8
    154.8    518.3
   1258.7    323.1
   1567.7    268.2
   1054.1   1071.2
    388.1    686.4
    677.8    636.1
   1486.1     93.6
   1192.2    274.9
    741.1    728.6
   1110.7    926.3
   1399.4   1181.3
    256.3   1312.8
    272.5    445.0
    681.2    267.0
    183.1   1113.2
    955.1   1572.1
    188.2    691.5
    660.7   1527.3
    343.2    247.2
     97.7    444.1
   1328.3   1124.9
    535.6     37.5
    187.7    262.9
    697.6    371.9
    685.8     20.9
   1335.0    414.4
   1283.6    564.2
   1157.3   1438.0
   1428.6    933.4
    238.3   1499.9
   1207.9   1108.6
     96.5    911.1
    204.6    641.7
   1436.9    830.3
    707.4   1394.4
   1499.5    212.8
    413.2   1086.6
    727.5   1229.7
   1009.3    764.9
    369.2   1507.4
   1436.3     44.1
    341.9    215.1
    705.5    295.3
   1252.3   1605.1
    609.1    497.8
   1515.9    657.4
    727.1   1541.5
    424.7    762.5
    153.1    403.4
    536.9    740.9
   1576.5    596.2
    103.3    134.5
    827.3   1592.1
     51.2    505.1
   1057.2    344.0
    400.3    885.1
    617.7    252.2
     42.7    320.3
    936.4   1444.9
    273.2   1337.5
   1593.5    163.0
   1501.6    263.7
   1332.8     64.8
    652.0    217.0
    836.4    379.9
    355.8    602.3
    891.1   1464.0
   1550.2   1121.4
    523.8    559.6
   1211.2   1254.4
    921.0   1184.6
   1207.6   1013.8
   1447.9   1545.3
   1479.3    553.7
   1156.0    659.3
    317.1     57.0
   1506.5    624.2
    953.8   1073.3
    438.4   1015.7
    895.0    741.9
    586.7   1109.6
   1187.0    811.8
    686.2   1489.7
    587.2    966.6
   1390.9    701.5
   1468.5    839.2
   1501.3    950.7
    434.0   1285.3
    491.9    529.5
    912.0    117.0
    825.4   1343.6
   1319.9    352.7
    313.1   1491.1
    649.4   1338.6
    982.4   1306.0
   1136.8    616.4
    504.3    120.0
   1235.7    239.2
    948.8    837.5
    898.7    971.1
   1097.0   1137.5
     62.9   1360.1
    522.3   1518.7
    881.1   1515.5
    489.3    492.1
    109.9   1193.8
   1378.1    889.0
    268.3    224.8
    255.1    341.8
    513.7   1111.2
   1102.8    375.5
    472.1    283.1
   1426.7    426.4
     57.4    191.2
    221.8    322.4
   1418.5    528.0
    407.6    587.9
    636.8   1056.7
   1381.1    596.7
   1000.8    371.5
   1014.0    418.9
    185.1   1528.4
     84.3    817.2
   1085.9   1404.4
    612.9    611.7
    784.8    949.5
    484.8   1232.3
    270.7    809.6
    715.4    843.7
    417.7    331.0
    848.3    164.5
    484.1    892.6
   1594.7   1544.0
    142.0    493.1
   1190.6    679.8
    889.0   1385.0
    434.5    286.3
   1545.6    250.0
    330.5   1253.4
    841.8    953.8
   1268.9    406.1
    835.6   1210.1
   1489.6   1479.4
    378.1   1100.3
    217.9   1172.4
   1338.0    226.8
    387.7   1060.9
    414.3    621.9
   1596.4   1337.6
    556.7    919.9
     68.0    690.3
     93.2   1387.8
    325.4    191.2
   1465.3   1220.9
   1277.4    162.3
    479.1    462.5
   1423.0   1163.7
   1041.3    381.7
    602.9    731.4
   1515.6   1085.1
   1092.5    456.4
    358.2   1232.3
   1333.8   1300.3
    982.6    253.5
   1070.7   1374.8
   1452.7   1160.0
   1299.8   1554.7
    475.8    967.9
   1087.4    566.6
    764.9    370.3
    967.8   1183.2
   1435.9   1213.2
   1584.7   1002.0
     62.7    956.6
    304.8    516.6
    464.9   1576.8
   1060.3    189.9
   1255.4    362.3
    174.4    894.2
   1571.8    900.9
    759.7   1416.6
    184.2     45.7
   1366.2   1290.5
   1125.3    307.1
    152.8   1543.8
    812.2    352.9
    356.4   1062.7
    937.7    581.5
    211.7    349.2
   1047.1    462.2
   1543.2    939.8
   1026.2   1441.5
   1207.6   1542.9
    167.2    995.0
   1112.8   1596.1
    160.0    167.1
    219.2    803.9
    320.5   1189.9
     36.9   1422.3
   1179.6    766.2
    958.6    146.7
   1559.9    441.2
    939.3   1108.4
    543.2   1479.2
   1374.0     35.7
   1439.6    558.5
    420.7    493.0
   1359.4    306.4
    862.1   1453.2
   1578.3    701.5
   1164.1   1039.5
    237.6    834.0
    132.7    266.3
   1202.3    330.6
    691.8   1264.5
   1589.4   1405.3
    219.3   1076.9
    973.8    205.7
     58.7   1218.6
   1417.8    686.2
   1460.8   1326.4
   1253.9   1557.6
    135.1   1603.7
    829.4    507.7
   1241.9   1462.0
    931.0   1027.9
    198.0    443.8
   1131.9    343.3
   1301.2    518.6
   1342.8     99.6
    410.9    984.8
    757.7    660.1
    728.2    807.7
    402.3   1251.6
    719.4   1337.9
    484.5   1134.8
    824.5    921.4
   1208.4     31.7
    626.0   1318.0
    525.0    804.7
   1316.2    711.0
   1558.7   1281.6
    834.1    537.3
    360.9   1429.5
    511.5   1160.5
    634.9   1498.5
    993.0    810.9
    829.0    889.4
   1240.3   1370.9
   1403.2    453.9
    558.3   1025.8
   1544.0    482.1
   1184.4    125.4
    120.1    701.7
    414.5   1570.3
    646.0    604.7
    870.9    834.5
   1047.1    423.1
    991.1    445.8
    943.2   1527.2
   1389.9    322.7
   1423.9   1106.3
   1201.0    642.1
    264.3   1220.5
    561.0   1232.7
    644.0    343.2
     21.8   1039.9
    442.2   1072.6
    272.8   1055.0
    220.1   1590.9
   1254.3    725.5
   1402.7   1531.9
    661.7   1084.0
   1318.1   1237.7
    442.9    179.3
    293.4   1221.6

# vim:ft=conf
